0.0000005000000	0.0000050000000
0.0000010000000	0.0000500000000
0.0000060000000	0.0001692694158
0.0000560000000	0.0002819922565
0.0002252694158	0.0003656813950
0.0005072616723	0.0004016651361
0.0008729430673	0.0004222087690
0.0012746082034	0.0004332623373
0.0016968169723	0.0004401323788
0.0021300793096	0.0004447307957
0.0025702116884	0.0004480230677
0.0030149424841	0.0004505053003
0.0034629655518	0.0004524552389
0.0039134708521	0.0004540385030
0.0043659260910	0.0004553592983
0.0048199645940	0.0004564861822
0.0052753238924	0.0004574659782
0.0057318100745	0.0004583316940
0.0061892760527	0.0004591072353
0.0066476077468	0.0004598103235
0.0071067149821	0.0004604543642
0.0075665253056	0.0004610496802
0.0080269796698	0.0004616043456
0.0084880293500	0.0004621247647
0.0089496336956	0.0004626160808
0.0094117584603	0.0004630824712
0.0098743745411	0.0004635273633
0.0103374570123	0.0004639535950
0.0108009843756	0.0004643635362
0.0112649379706	0.0004647591810
0.0117293015068	0.0004651422195
0.0121940606878	0.0004655140933
0.0126592029073	0.0004658760396
0.0131247170006	0.0004662291261
0.0135905930402	0.0004665742789
0.0140568221662	0.0004669123056
0.0145233964451	0.0004672439132
0.0149903087507	0.0004675697235
0.0154575526639	0.0004678902857
0.0159251223875	0.0004682060863
0.0163930126732	0.0004685175581
0.0168612187594	0.0004688250874
0.0173297363175	0.0004691290201
0.0177985614049	0.0004694296666
0.0182676904250	0.0004697273065
0.0187371200916	0.0004700221924
0.0192068473981	0.0004703145528
0.0196768695906	0.0004706045950
0.0201471841433	0.0004708925077
0.0206177887383	0.0004711784630
0.0210886812460	0.0004714626179
0.0215598597090	0.0004717451163
0.0220313223269	0.0004720260900
0.0225030674431	0.0004723056604
0.0229750935331	0.0004725839391
0.0234473991935	0.0004728610289
0.0239199831326	0.0004731370249
0.0243928441615	0.0004734120152
0.0248659811864	0.0004736860813
0.0253393932017	0.0004739592987
0.0258130792829	0.0004742317379
0.0262870385817	0.0004745034642
0.0267612703195	0.0004747745386
0.0272357737837	0.0004750450180
0.0277105483222	0.0004753149556
0.0281855933402	0.0004755844011
0.0286609082958	0.0004758534012
0.0291364926970	0.0004761219994
0.0296123460981	0.0004763902367
0.0300884680975	0.0004766581518
0.0305648583342	0.0004769257808
0.0310415164860	0.0004771931578
0.0315184422668	0.0004774603150
0.0319956354246	0.0004777272828
0.0324730957396	0.0004779940899
0.0329508230225	0.0004782607632
0.0334288171123	0.0004785273285
0.0339070778756	0.0004787938101
0.0343856052041	0.0004790602309
0.0348643990142	0.0004793266127
0.0353434592451	0.0004795929764
0.0358227858578	0.0004798593415
0.0363023788342	0.0004801257268
0.0367822381757	0.0004803921502
0.0372623639026	0.0004806586285
0.0377427560527	0.0004809251780
0.0382234146813	0.0004811918141
0.0387043398593	0.0004814585515
0.0391855316734	0.0004817254043
0.0396669902250	0.0004819923859
0.0401487156293	0.0004822595092
0.0406307080152	0.0004825267865
0.0411129675245	0.0004827942296
0.0415954943110	0.0004830618497
0.0420782885406	0.0004833296577
0.0425613503903	0.0004835976641
0.0430446800480	0.0004838658787
0.0435282777121	0.0004841343112
0.0440121435908	0.0004844029707
0.0444962779019	0.0004846718663
0.0449806808727	0.0004849410063
0.0454653527390	0.0004852103991
0.0459502937453	0.0004854800525
0.0464355041444	0.0004857499742
0.0469209841969	0.0004860201716
0.0474067341711	0.0004862906517
0.0478927543427	0.0004865614215
0.0483790449944	0.0004868324876
0.0488656064160	0.0004871038564
0.0493524389036	0.0004873755342
0.0498395427600	0.0004876475268
0.0503269182942	0.0004879198402
0.0508145658210	0.0004881924801
0.0513024856613	0.0004884654518
0.0517906781413	0.0004887387607
0.0522791435931	0.0004890124119
0.0527678823538	0.0004892864104
0.0532568947657	0.0004895607611
0.0537461811761	0.0004898354687
0.0542357419372	0.0004901105378
0.0547255774059	0.0004903859729
0.0552156879437	0.0004906617782
0.0557060739166	0.0004909379581
0.0561967356948	0.0004912145166
0.0566876736529	0.0004914914577
0.0571788881695	0.0004917687855
0.0576703796272	0.0004920465036
0.0581621484127	0.0004923246159
0.0586541949163	0.0004926031259
0.0591465195321	0.0004928820372
0.0596391226580	0.0004931613533
0.0601320046952	0.0004934410776
0.0606251660485	0.0004937212134
0.0611186071262	0.0004940017640
0.0616123283396	0.0004942827325
0.0621063301036	0.0004945641221
0.0626006128362	0.0004948459358
0.0630951769583	0.0004951281766
0.0635900228941	0.0004954108475
0.0640851510708	0.0004956939512
0.0645805619182	0.0004959774907
0.0650762558695	0.0004962614688
0.0655722333602	0.0004965458880
0.0660684948290	0.0004968307512
0.0665650407170	0.0004971160609
0.0670618714682	0.0004974018198
0.0675589875291	0.0004976880303
0.0680563893489	0.0004979746950
0.0685540773791	0.0004982618163
0.0690520520741	0.0004985493966
0.0695503138903	0.0004988374385
0.0700488632870	0.0004991259441
0.0705477007255	0.0004994149158
0.0710468266696	0.0004997043560
0.0715462415854	0.0004999942667
0.0720459459413	0.0005002846504
0.0725459402081	0.0005005755092
0.0730462248585	0.0005008668451
0.0735468003676	0.0005011586605
0.0740476672128	0.0005014509574
0.0745488258733	0.0005017437378
0.0750502768307	0.0005020370039
0.0755520205685	0.0005023307577
0.0760540575724	0.0005026250012
0.0765563883301	0.0005029197364
0.0770590133313	0.0005032149653
0.0775619330677	0.0005035106898
0.0780651480330	0.0005038069119
0.0785686587228	0.0005041036335
0.0790724656347	0.0005044008565
0.0795765692682	0.0005046985828
0.0800809701247	0.0005049968142
0.0805856687075	0.0005052955526
0.0810906655217	0.0005055947999
0.0815959610744	0.0005058945578
0.0821015558743	0.0005061948282
0.0826074504321	0.0005064956128
0.0831136452602	0.0005067969134
0.0836201408730	0.0005070987319
0.0841269377864	0.0005074010699
0.0846340365183	0.0005077039291
0.0851414375882	0.0005080073114
0.0856491415173	0.0005083112185
0.0861571488287	0.0005086156520
0.0866654600472	0.0005089206136
0.0871740756992	0.0005092261051
0.0876829963129	0.0005095321281
0.0881922224180	0.0005098386843
0.0887017545462	0.0005101457754
0.0892115932305	0.0005104534030
0.0897217390059	0.0005107615687
0.0902321924089	0.0005110702742
0.0907429539775	0.0005113795211
0.0912540242517	0.0005116893111
0.0917654037728	0.0005119996457
0.0922770930839	0.0005123105266
0.0927890927296	0.0005126219554
0.0933014032562	0.0005129339337
0.0938140252116	0.0005132464630
0.0943269591452	0.0005135595450
0.0948402056082	0.0005138731812
0.0953537651532	0.0005141873733
0.0958676383345	0.0005145021228
0.0963818257078	0.0005148174312
0.0968963278305	0.0005151333001
0.0974111452617	0.0005154497312
0.0979262785619	0.0005157667259
0.0984417282930	0.0005160842857
0.0989574950189	0.0005164024124
0.0994735793046	0.0005167211073
0.0999899817170	0.0005170403721
0.1005067028244	0.0005173602083
0.1010237431965	0.0005176806173
0.1015411034047	0.0005180016009
0.1020587840221	0.0005183231604
0.1025767856229	0.0005186452975
0.1030951087834	0.0005189680136
0.1036137540809	0.0005192913103
0.1041327220945	0.0005196151891
0.1046520134048	0.0005199396516
0.1051716285939	0.0005202646992
0.1056915682455	0.0005205903335
0.1062118329447	0.0005209165560
0.1067324232782	0.0005212433682
0.1072533398342	0.0005215707717
0.1077745832024	0.0005218987679
0.1082961539741	0.0005222273584
0.1088180527420	0.0005225565448
0.1093402801004	0.0005228863284
0.1098628366452	0.0005232167109
0.1103857229736	0.0005235476937
0.1109089396845	0.0005238792785
0.1114324873782	0.0005242114666
0.1119563666567	0.0005245442596
0.1124805781232	0.0005248776590
0.1130051223828	0.0005252116665
0.1135300000419	0.0005255462833
0.1140552117083	0.0005258815112
0.1145807579917	0.0005262173516
0.1151066395029	0.0005265538060
0.1156328568544	0.0005268908760
0.1161594106604	0.0005272285630
0.1166863015364	0.0005275668687
0.1172135300994	0.0005279057945
0.1177410969681	0.0005282453420
0.1182690027626	0.0005285855126
0.1187972481046	0.0005289263080
0.1193258336172	0.0005292677296
0.1198547599252	0.0005296097791
0.1203840276548	0.0005299524578
0.1209136374339	0.0005302957675
0.1214435898917	0.0005306397095
0.1219738856592	0.0005309842855
0.1225045253687	0.0005313294969
0.1230355096542	0.0005316753454
0.1235668391511	0.0005320218325
0.1240985144965	0.0005323689597
0.1246305363290	0.0005327167286
0.1251629052888	0.0005330651408
0.1256956220174	0.0005334141977
0.1262286871582	0.0005337639010
0.1267621013560	0.0005341142523
0.1272958652570	0.0005344652530
0.1278299795093	0.0005348169048
0.1283644447623	0.0005351692092
0.1288992616670	0.0005355221677
0.1294344308762	0.0005358757821
0.1299699530439	0.0005362300538
0.1305058288260	0.0005365849845
0.1310420588799	0.0005369405756
0.1315786438643	0.0005372968289
0.1321155844400	0.0005376537459
0.1326528812689	0.0005380113282
0.1331905350148	0.0005383695774
0.1337285463430	0.0005387284950
0.1342669159204	0.0005390880828
0.1348056444154	0.0005394483422
0.1353447324982	0.0005398092750
0.1358841808404	0.0005401708828
0.1364239901154	0.0005405331670
0.1369641609982	0.0005408961295
0.1375046941652	0.0005412597717
0.1380455902947	0.0005416240954
0.1385868500664	0.0005419891021
0.1391284741618	0.0005423547936
0.1396704632639	0.0005427211713
0.1402128180575	0.0005430882371
0.1407555392288	0.0005434559925
0.1412986274659	0.0005438244392
0.1418420834584	0.0005441935788
0.1423859078976	0.0005445634131
0.1429301014764	0.0005449339436
0.1434746648895	0.0005453051720
0.1440195988330	0.0005456771001
0.1445649040050	0.0005460497294
0.1451105811051	0.0005464230618
0.1456566308345	0.0005467970988
0.1462030538963	0.0005471718421
0.1467498509951	0.0005475472935
0.1472970228372	0.0005479234546
0.1478445701307	0.0005483003272
0.1483924935853	0.0005486779130
0.1489407939126	0.0005490562136
0.1494894718256	0.0005494352308
0.1500385280392	0.0005498149664
0.1505879632700	0.0005501954220
0.1511377782364	0.0005505765993
0.1516879736584	0.0005509585002
0.1522385502577	0.0005513411263
0.1527895087579	0.0005517244795
0.1533408498842	0.0005521085613
0.1538925743637	0.0005524933737
0.1544446829250	0.0005528789184
0.1549971762988	0.0005532651971
0.1555500552172	0.0005536522117
0.1561033204143	0.0005540399638
0.1566569726260	0.0005544284553
0.1572110125898	0.0005548176879
0.1577654410450	0.0005552076635
0.1583202587329	0.0005555983838
0.1588754663964	0.0005559898508
0.1594310647803	0.0005563820660
0.1599870546310	0.0005567750315
0.1605434366970	0.0005571687489
0.1611002117285	0.0005575632201
0.1616573804774	0.0005579584471
0.1622149436975	0.0005583544314
0.1627729021446	0.0005587511752
0.1633312565760	0.0005591486801
0.1638900077512	0.0005595469480
0.1644491564313	0.0005599459808
0.1650087033793	0.0005603457804
0.1655686493601	0.0005607463486
0.1661289951405	0.0005611476872
0.1666897414890	0.0005615497983
0.1672508891763	0.0005619526836
0.1678124389746	0.0005623563451
0.1683743916582	0.0005627607847
0.1689367480033	0.0005631660042
0.1694995087879	0.0005635720055
0.1700626747921	0.0005639787907
0.1706262467976	0.0005643863616
0.1711902255883	0.0005647947201
0.1717546119499	0.0005652038682
0.1723194066700	0.0005656138078
0.1728846105382	0.0005660245409
0.1734502243461	0.0005664360695
0.1740162488870	0.0005668483954
0.1745826849565	0.0005672615206
0.1751495333519	0.0005676754472
0.1757167948725	0.0005680901771
0.1762844703197	0.0005685057123
0.1768525604968	0.0005689220547
0.1774210662091	0.0005693392064
0.1779899882638	0.0005697571695
0.1785593274702	0.0005701759458
0.1791290846397	0.0005705955374
0.1796992605855	0.0005710159464
0.1802698561229	0.0005714371748
0.1808408720693	0.0005718592245
0.1814123092440	0.0005722820977
0.1819841684686	0.0005727057965
0.1825564505663	0.0005731303228
0.1831291563628	0.0005735556787
0.1837022866856	0.0005739818664
0.1842758423643	0.0005744088878
0.1848498242307	0.0005748367452
0.1854242331185	0.0005752654404
0.1859990698637	0.0005756949758
0.1865743353041	0.0005761253533
0.1871500302799	0.0005765565752
0.1877261556333	0.0005769886434
0.1883027122085	0.0005774215602
0.1888797008519	0.0005778553277
0.1894571224121	0.0005782899480
0.1900349777399	0.0005787254233
0.1906132676879	0.0005791617557
0.1911919931112	0.0005795989475
0.1917711548670	0.0005800370007
0.1923507538144	0.0005804759176
0.1929307908151	0.0005809157003
0.1935112667327	0.0005813563510
0.1940921824329	0.0005817978720
0.1946735387840	0.0005822402655
0.1952553366560	0.0005826835336
0.1958375769215	0.0005831276787
0.1964202604551	0.0005835727029
0.1970033881338	0.0005840186084
0.1975869608366	0.0005844653976
0.1981709794450	0.0005849130727
0.1987554448426	0.0005853616359
0.1993403579153	0.0005858110896
0.1999257195512	0.0005862614359
0.2005115306408	0.0005867126773
0.2010977920767	0.0005871648160
0.2016845047541	0.0005876178542
0.2022716695700	0.0005880717944
0.2028592874243	0.0005885266388
0.2034473592187	0.0005889823898
0.2040358858575	0.0005894390497
0.2046248682474	0.0005898966209
0.2052143072971	0.0005903551056
0.2058042039180	0.0005908145064
0.2063945590236	0.0005912748254
0.2069853735299	0.0005917360652
0.2075766483554	0.0005921982281
0.2081683844206	0.0005926613166
0.2087605826487	0.0005931253329
0.2093532439653	0.0005935902796
0.2099463692982	0.0005940561590
0.2105399595778	0.0005945229736
0.2111340157368	0.0005949907258
0.2117285387104	0.0005954594181
0.2123235294362	0.0005959290530
0.2129189888543	0.0005963996328
0.2135149179073	0.0005968711602
0.2141113175402	0.0005973436375
0.2147081887003	0.0005978170672
0.2153055323378	0.0005982914519
0.2159033494050	0.0005987667941
0.2165016408569	0.0005992430963
0.2171004076510	0.0005997203610
0.2176996507473	0.0006001985907
0.2182993711082	0.0006006777881
0.2188995696990	0.0006011579556
0.2195002474871	0.0006016390959
0.2201014054427	0.0006021212115
0.2207030445386	0.0006026043050
0.2213051657502	0.0006030883790
0.2219077700552	0.0006035734361
0.2225108584342	0.0006040594790
0.2231144318703	0.0006045465101
0.2237184913493	0.0006050345323
0.2243230378594	0.0006055235480
0.2249280723917	0.0006060135601
0.2255335959397	0.0006065045710
0.2261396094998	0.0006069965836
0.2267461140708	0.0006074896005
0.2273531106544	0.0006079836244
0.2279606002550	0.0006084786580
0.2285685838794	0.0006089747040
0.2291770625374	0.0006094717651
0.2297860372413	0.0006099698440
0.2303955090064	0.0006104689436
0.2310054788504	0.0006109690666
0.2316159477941	0.0006114702156
0.2322269168606	0.0006119723936
0.2328383870763	0.0006124756033
0.2334503594699	0.0006129798474
0.2340628350732	0.0006134851288
0.2346758149206	0.0006139914504
0.2352893000494	0.0006144988149
0.2359032914998	0.0006150072251
0.2365177903147	0.0006155166839
0.2371327975398	0.0006160271943
0.2377483142237	0.0006165387590
0.2383643414180	0.0006170513809
0.2389808801769	0.0006175650629
0.2395979315578	0.0006180798080
0.2402154966207	0.0006185956190
0.2408335764287	0.0006191124988
0.2414521720477	0.0006196304505
0.2420712845465	0.0006201494769
0.2426909149970	0.0006206695810
0.2433110644739	0.0006211907658
0.2439317340549	0.0006217130342
0.2445529248207	0.0006222363893
0.2451746378549	0.0006227608341
0.2457968742443	0.0006232863715
0.2464196350783	0.0006238130046
0.2470429214498	0.0006243407364
0.2476667344544	0.0006248695701
0.2482910751909	0.0006253995085
0.2489159447609	0.0006259305549
0.2495413442695	0.0006264627123
0.2501672748244	0.0006269959838
0.2507937375367	0.0006275303725
0.2514207335205	0.0006280658816
0.2520482638931	0.0006286025141
0.2526763297747	0.0006291402732
0.2533049322888	0.0006296791621
0.2539340725620	0.0006302191840
0.2545637517241	0.0006307603419
0.2551939709080	0.0006313026392
0.2558247312500	0.0006318460790
0.2564560338892	0.0006323906646
0.2570878799682	0.0006329363991
0.2577202706327	0.0006334832858
0.2583532070318	0.0006340313281
0.2589866903177	0.0006345805291
0.2596207216457	0.0006351308921
0.2602553021748	0.0006356824204
0.2608904330669	0.0006362351174
0.2615261154873	0.0006367889863
0.2621623506047	0.0006373440306
0.2627991395910	0.0006379002535
0.2634364836216	0.0006384576583
0.2640743838751	0.0006390162486
0.2647128415334	0.0006395760276
0.2653518577820	0.0006401369988
0.2659914338097	0.0006406991656
0.2666315708085	0.0006412625314
0.2672722699741	0.0006418270997
0.2679135325055	0.0006423928738
0.2685553596052	0.0006429598573
0.2691977524790	0.0006435280537
0.2698407123363	0.0006440974665
0.2704842403901	0.0006446680991
0.2711283378565	0.0006452399551
0.2717730059556	0.0006458130380
0.2724182459106	0.0006463873514
0.2730640589486	0.0006469628988
0.2737104463000	0.0006475396839
0.2743574091989	0.0006481177102
0.2750049488828	0.0006486969814
0.2756530665931	0.0006492775010
0.2763017635744	0.0006498592727
0.2769510410754	0.0006504423001
0.2776009003481	0.0006510265870
0.2782513426483	0.0006516121370
0.2789023692353	0.0006521989538
0.2795539813723	0.0006527870411
0.2802061803261	0.0006533764026
0.2808589673671	0.0006539670421
0.2815123437697	0.0006545589634
0.2821663108118	0.0006551521701
0.2828208697752	0.0006557466662
0.2834760219453	0.0006563424554
0.2841317686115	0.0006569395415
0.2847881110669	0.0006575379284
0.2854450506084	0.0006581376198
0.2861025885367	0.0006587386198
0.2867607261566	0.0006593409321
0.2874194647764	0.0006599445607
0.2880788057085	0.0006605495094
0.2887387502691	0.0006611557822
0.2893992997785	0.0006617633831
0.2900604555608	0.0006623723160
0.2907222189439	0.0006629825849
0.2913845912599	0.0006635941938
0.2920475738448	0.0006642071466
0.2927111680386	0.0006648214475
0.2933753751852	0.0006654371004
0.2940401966327	0.0006660541094
0.2947056337331	0.0006666724787
0.2953716878425	0.0006672922122
0.2960383603212	0.0006679133142
0.2967056525334	0.0006685357886
0.2973735658476	0.0006691596398
0.2980421016362	0.0006697848718
0.2987112612760	0.0006704114888
0.2993810461478	0.0006710394950
0.3000514576366	0.0006716688947
0.3007224971317	0.0006722996920
0.3013941660264	0.0006729318913
0.3020664657184	0.0006735654967
0.3027393976097	0.0006742005126
0.3034129631064	0.0006748369432
0.3040871636189	0.0006754747930
0.3047620005621	0.0006761140661
0.3054374753551	0.0006767547671
0.3061135894212	0.0006773969002
0.3067903441883	0.0006780404699
0.3074677410885	0.0006786854805
0.3081457815583	0.0006793319365
0.3088244670388	0.0006799798424
0.3095037989753	0.0006806292026
0.3101837788177	0.0006812800216
0.3108644080203	0.0006819323039
0.3115456880419	0.0006825860541
0.3122276203458	0.0006832412766
0.3129102063999	0.0006838979761
0.3135934476765	0.0006845561571
0.3142773456526	0.0006852158242
0.3149619018096	0.0006858769821
0.3156471176338	0.0006865396353
0.3163329946159	0.0006872037887
0.3170195342512	0.0006878694467
0.3177067380399	0.0006885366142
0.3183946074866	0.0006892052959
0.3190831441008	0.0006898754964
0.3197723493967	0.0006905472207
0.3204622248932	0.0006912204733
0.3211527721138	0.0006918952592
0.3218439925872	0.0006925715832
0.3225358878464	0.0006932494501
0.3232284594296	0.0006939288648
0.3239217088798	0.0006946098322
0.3246156377446	0.0006952923571
0.3253102475767	0.0006959764445
0.3260055399338	0.0006966620994
0.3267015163783	0.0006973493267
0.3273981784777	0.0006980381314
0.3280955278044	0.0006987285185
0.3287935659357	0.0006994204931
0.3294922944543	0.0007001140602
0.3301917149474	0.0007008092250
0.3308918290076	0.0007015059924
0.3315926382326	0.0007022043677
0.3322941442250	0.0007029043559
0.3329963485927	0.0007036059623
0.3336992529486	0.0007043091920
0.3344028589109	0.0007050140503
0.3351071681029	0.0007057205423
0.3358121821531	0.0007064286734
0.3365179026954	0.0007071384488
0.3372243313688	0.0007078498739
0.3379314698176	0.0007085629539
0.3386393196915	0.0007092776942
0.3393478826454	0.0007099941003
0.3400571603396	0.0007107121774
0.3407671544399	0.0007114319310
0.3414778666173	0.0007121533666
0.3421892985483	0.0007128764897
0.3429014519150	0.0007136013057
0.3436143284047	0.0007143278201
0.3443279297103	0.0007150560386
0.3450422575305	0.0007157859666
0.3457573135690	0.0007165176097
0.3464730995356	0.0007172509737
0.3471896171453	0.0007179860641
0.3479068681190	0.0007187228866
0.3486248541831	0.0007194614469
0.3493435770697	0.0007202017507
0.3500630385166	0.0007209438037
0.3507832402673	0.0007216876118
0.3515041840710	0.0007224331808
0.3522258716829	0.0007231805164
0.3529483048636	0.0007239296244
0.3536714853800	0.0007246805109
0.3543954150044	0.0007254331817
0.3551200955154	0.0007261876427
0.3558455286971	0.0007269438998
0.3565717163397	0.0007277019591
0.3572986602395	0.0007284618266
0.3580263621986	0.0007292235082
0.3587548240252	0.0007299870102
0.3594840475334	0.0007307523384
0.3602140345435	0.0007315194992
0.3609447868820	0.0007322884986
0.3616763063812	0.0007330593428
0.3624085948798	0.0007338320380
0.3631416542226	0.0007346065904
0.3638754862606	0.0007353830064
0.3646100928510	0.0007361612921
0.3653454758574	0.0007369414540
0.3660816371496	0.0007377234983
0.3668185786035	0.0007385074314
0.3675563021018	0.0007392932598
0.3682948095332	0.0007400809898
0.3690341027929	0.0007408706280
0.3697741837827	0.0007416621808
0.3705150544107	0.0007424556547
0.3712567165915	0.0007432510564
0.3719991722462	0.0007440483924
0.3727424233026	0.0007448476693
0.3734864716950	0.0007456488937
0.3742313193643	0.0007464520724
0.3749769682579	0.0007472572120
0.3757234203303	0.0007480643193
0.3764706775423	0.0007488734010
0.3772187418615	0.0007496844640
0.3779676152625	0.0007504975151
0.3787172997265	0.0007513125611
0.3794677972416	0.0007521296090
0.3802191098027	0.0007529486657
0.3809712394117	0.0007537697381
0.3817241880773	0.0007545928332
0.3824779578154	0.0007554179581
0.3832325506486	0.0007562451199
0.3839879686067	0.0007570743255
0.3847442137266	0.0007579055822
0.3855012880521	0.0007587388971
0.3862591936343	0.0007595742775
0.3870179325314	0.0007604117304
0.3877775068089	0.0007612512633
0.3885379185393	0.0007620928833
0.3892991698026	0.0007629365979
0.3900612626859	0.0007637824144
0.3908241992838	0.0007646303402
0.3915879816982	0.0007654803827
0.3923526120383	0.0007663325494
0.3931180924210	0.0007671868478
0.3938844249704	0.0007680432855
0.3946516118182	0.0007689018700
0.3954196551037	0.0007697626090
0.3961885569737	0.0007706255102
0.3969583195828	0.0007714905811
0.3977289450929	0.0007723578295
0.3985004356740	0.0007732272632
0.3992727935035	0.0007740988901
0.4000460207667	0.0007749727178
0.4008201196568	0.0007758487544
0.4015950923747	0.0007767270077
0.4023709411291	0.0007776074857
0.4031476681368	0.0007784901964
0.4039252756225	0.0007793751477
0.4047037658189	0.0007802623479
0.4054831409666	0.0007811518049
0.4062634033145	0.0007820435269
0.4070445551193	0.0007829375222
0.4078265986463	0.0007838337989
0.4086095361685	0.0007847323653
0.4093933699674	0.0007856332298
0.4101781023327	0.0007865364006
0.4109637355625	0.0007874418862
0.4117502719631	0.0007883496950
0.4125377138492	0.0007892598354
0.4133260635442	0.0007901723160
0.4141153233796	0.0007910871454
0.4149054956956	0.0007920043321
0.4156965828410	0.0007929238848
0.4164885871731	0.0007938458121
0.4172815110579	0.0007947701228
0.4180753568700	0.0007956968257
0.4188701269928	0.0007966259296
0.4196658238185	0.0007975574432
0.4204624497481	0.0007984913756
0.4212600071913	0.0007994277357
0.4220584985669	0.0008003665325
0.4228579263027	0.0008013077749
0.4236582928351	0.0008022514722
0.4244596006101	0.0008031976333
0.4252618520822	0.0008041462675
0.4260650497155	0.0008050973840
0.4268691959830	0.0008060509920
0.4276742933670	0.0008070071010
0.4284803443590	0.0008079657201
0.4292873514600	0.0008089268589
0.4300953171801	0.0008098905267
0.4309042440390	0.0008108567331
0.4317141345657	0.0008118254877
0.4325249912988	0.0008127968000
0.4333368167865	0.0008137706796
0.4341496135865	0.0008147471363
0.4349633842661	0.0008157261798
0.4357781314023	0.0008167078198
0.4365938575821	0.0008176920663
0.4374105654019	0.0008186789292
0.4382282574682	0.0008196684182
0.4390469363974	0.0008206605436
0.4398666048156	0.0008216553152
0.4406872653592	0.0008226527433
0.4415089206745	0.0008236528379
0.4423315734178	0.0008246556092
0.4431552262557	0.0008256610676
0.4439798818649	0.0008266692232
0.4448055429325	0.0008276800865
0.4456322121557	0.0008286936679
0.4464598922421	0.0008297099778
0.4472885859100	0.0008307290267
0.4481182958878	0.0008317508253
0.4489490249145	0.0008327753842
0.4497807757398	0.0008338027140
0.4506135511240	0.0008348328254
0.4514473538380	0.0008358657294
0.4522821866634	0.0008369014367
0.4531180523928	0.0008379399582
0.4539549538295	0.0008389813049
0.4547928937877	0.0008400254879
0.4556318750927	0.0008410725181
0.4564719005805	0.0008421224068
0.4573129730987	0.0008431751652
0.4581550955055	0.0008442308044
0.4589982706707	0.0008452893359
0.4598425014752	0.0008463507710
0.4606877908111	0.0008474151210
0.4615341415820	0.0008484823977
0.4623815567031	0.0008495526123
0.4632300391007	0.0008506257767
0.4640795917131	0.0008517019025
0.4649302174898	0.0008527810013
0.4657819193923	0.0008538630851
0.4666347003936	0.0008549481657
0.4674885634787	0.0008560362550
0.4683435116445	0.0008571273651
0.4691995478995	0.0008582215078
0.4700566752645	0.0008593186955
0.4709148967724	0.0008604189403
0.4717742154679	0.0008615222544
0.4726346344082	0.0008626286502
0.4734961566626	0.0008637381400
0.4743587853128	0.0008648507363
0.4752225234528	0.0008659664516
0.4760873741891	0.0008670852985
0.4769533406407	0.0008682072897
0.4778204259392	0.0008693324378
0.4786886332288	0.0008704607558
0.4795579656667	0.0008715922563
0.4804284264224	0.0008727269525
0.4813000186788	0.0008738648572
0.4821727456312	0.0008750059835
0.4830466104884	0.0008761503447
0.4839216164719	0.0008772979538
0.4847977668166	0.0008784488243
0.4856750647704	0.0008796029694
0.4865535135947	0.0008807604026
0.4874331165641	0.0008819211374
0.4883138769667	0.0008830851875
0.4891957981042	0.0008842525663
0.4900788832916	0.0008854232878
0.4909631358580	0.0008865973657
0.4918485591458	0.0008877748138
0.4927351565115	0.0008889556462
0.4936229313253	0.0008901398769
0.4945118869715	0.0008913275200
0.4954020268484	0.0008925185897
0.4962933543683	0.0008937131003
0.4971858729580	0.0008949110661
0.4980795860583	0.0008961125016
0.4989744971244	0.0008973174214
0.4998706096261	0.0008985258399
0.5007679270474	0.0008997377719
0.5016664528873	0.0009009532321
0.5025661906592	0.0009021722355
0.5034671438914	0.0009033947969
0.5043693161268	0.0009046209313
0.5052727109237	0.0009058506538
0.5061773318550	0.0009070839797
0.5070831825088	0.0009083209241
0.5079902664884	0.0009095615026
0.5088985874126	0.0009108057304
0.5098081489151	0.0009120536231
0.5107189546455	0.0009133051965
0.5116310082687	0.0009145604660
0.5125443134651	0.0009158194477
0.5134588739312	0.0009170821573
0.5143746933789	0.0009183486108
0.5152917755362	0.0009196188244
0.5162101241470	0.0009208928141
0.5171297429714	0.0009221705963
0.5180506357856	0.0009234521873
0.5189728063819	0.0009247376035
0.5198962585692	0.0009260268615
0.5208209961727	0.0009273199780
0.5217470230343	0.0009286169695
0.5226743430122	0.0009299178531
0.5236029599818	0.0009312226456
0.5245328778349	0.0009325313640
0.5254641004805	0.0009338440255
0.5263966318445	0.0009351606474
0.5273304758701	0.0009364812468
0.5282656365174	0.0009378058413
0.5292021177642	0.0009391344484
0.5301399236055	0.0009404670857
0.5310790580539	0.0009418037710
0.5320195251396	0.0009431445220
0.5329613289105	0.0009444893569
0.5339044734326	0.0009458382935
0.5348489627894	0.0009471913501
0.5357948010829	0.0009485485449
0.5367419924331	0.0009499098964
0.5376905409780	0.0009512754229
0.5386404508744	0.0009526451432
0.5395917262973	0.0009540190758
0.5405443714405	0.0009553972397
0.5414983905163	0.0009567796536
0.5424537877560	0.0009581663368
0.5434105674096	0.0009595573083
0.5443687337464	0.0009609525875
0.5453282910548	0.0009623521936
0.5462892436422	0.0009637561463
0.5472515958359	0.0009651644651
0.5482153519822	0.0009665771697
0.5491805164472	0.0009679942801
0.5501470936170	0.0009694158162
0.5511150878971	0.0009708417981
0.5520845037133	0.0009722722461
0.5530553455114	0.0009737071804
0.5540276177575	0.0009751466216
0.5550013249379	0.0009765905902
0.5559764715595	0.0009780391070
0.5569530621497	0.0009794921928
0.5579311012568	0.0009809498686
0.5589105934496	0.0009824121555
0.5598915433182	0.0009838790747
0.5608739554737	0.0009853506476
0.5618578345484	0.0009868268957
0.5628431851961	0.0009883078406
0.5638300120918	0.0009897935041
0.5648183199324	0.0009912839080
0.5658081134364	0.0009927790744
0.5667993973444	0.0009942790255
0.5677921764189	0.0009957837836
0.5687864554444	0.0009972933711
0.5697822392280	0.0009988078106
0.5707795325991	0.0010003271249
0.5717783404098	0.0010018513367
0.5727786675347	0.0010033804692
0.5737805188714	0.0010049145454
0.5747838993406	0.0010064535887
0.5757888138860	0.0010079976226
0.5767952674747	0.0010095466705
0.5778032650973	0.0010111007563
0.5788128117678	0.0010126599039
0.5798239125241	0.0010142241372
0.5808365724279	0.0010157934806
0.5818507965652	0.0010173679583
0.5828665900458	0.0010189475949
0.5838839580041	0.0010205324150
0.5849029055990	0.0010221224435
0.5859234380141	0.0010237177053
0.5869455604576	0.0010253182256
0.5879692781629	0.0010269240297
0.5889945963885	0.0010285351429
0.5900215204182	0.0010301515911
0.5910500555611	0.0010317733999
0.5920802071522	0.0010334005953
0.5931119805521	0.0010350332035
0.5941453811474	0.0010366712507
0.5951804143509	0.0010383147634
0.5962170856016	0.0010399637683
0.5972554003650	0.0010416182921
0.5982953641332	0.0010432783618
0.5993369824253	0.0010449440047
0.6003802607871	0.0010466152480
0.6014252047918	0.0010482921193
0.6024718200398	0.0010499746462
0.6035201121591	0.0010516628567
0.6045700868053	0.0010533567788
0.6056217496620	0.0010550564407
0.6066751064408	0.0010567618710
0.6077301628815	0.0010584730982
0.6087869247525	0.0010601901511
0.6098453978507	0.0010619130587
0.6109055880018	0.0010636418503
0.6119675010605	0.0010653765552
0.6130311429108	0.0010671172031
0.6140965194660	0.0010688638236
0.6151636366691	0.0010706164468
0.6162325004926	0.0010723751029
0.6173031169394	0.0010741398222
0.6183754920423	0.0010759106354
0.6194496318645	0.0010776875732
0.6205255424999	0.0010794706667
0.6216032300732	0.0010812599471
0.6226827007399	0.0010830554457
0.6237639606870	0.0010848571943
0.6248470161328	0.0010866652247
0.6259318733271	0.0010884795689
0.6270185385517	0.0010903002592
0.6281070181206	0.0010921273282
0.6291973183798	0.0010939608086
0.6302894457081	0.0010958007333
0.6313834065167	0.0010976471355
0.6324792072500	0.0010995000487
0.6335768543855	0.0011013595064
0.6346763544342	0.0011032255425
0.6357777139406	0.0011050981912
0.6368809394831	0.0011069774867
0.6379860376743	0.0011088634637
0.6390930151610	0.0011107561569
0.6402018786247	0.0011126556015
0.6413126347816	0.0011145618327
0.6424252903831	0.0011164748860
0.6435398522158	0.0011183947974
0.6446563271019	0.0011203216027
0.6457747218992	0.0011222553384
0.6468950435019	0.0011241960409
0.6480172988403	0.0011261437471
0.6491414948812	0.0011280984941
0.6502676386283	0.0011300603191
0.6513957371224	0.0011320292598
0.6525257974415	0.0011340053541
0.6536578267013	0.0011359886401
0.6547918320554	0.0011379791561
0.6559278206955	0.0011399769409
0.6570657998516	0.0011419820333
0.6582057767924	0.0011439944727
0.6593477588258	0.0011460142986
0.6604917532985	0.0011480415507
0.6616377675971	0.0011500762691
0.6627858091478	0.0011521184942
0.6639358854169	0.0011541682666
0.6650880039110	0.0011562256273
0.6662421721777	0.0011582906176
0.6673983978050	0.0011603632789
0.6685566884225	0.0011624436532
0.6697170517015	0.0011645317826
0.6708794953547	0.0011666277095
0.6720440271372	0.0011687314767
0.6732106548467	0.0011708431273
0.6743793863234	0.0011729627047
0.6755502294507	0.0011750902527
0.6767231921554	0.0011772258151
0.6778982824081	0.0011793694365
0.6790755082232	0.0011815211615
0.6802548776597	0.0011836810351
0.6814363988212	0.0011858491026
0.6826200798563	0.0011880254098
0.6838059289589	0.0011902100027
0.6849939543688	0.0011924029277
0.6861841643715	0.0011946042314
0.6873765672992	0.0011968139609
0.6885711715306	0.0011990321637
0.6897679854915	0.0012012588875
0.6909670176552	0.0012034941805
0.6921682765427	0.0012057380911
0.6933717707232	0.0012079906682
0.6945775088143	0.0012102519611
0.6957854994825	0.0012125220193
0.6969957514436	0.0012148008928
0.6982082734628	0.0012170886319
0.6994230743556	0.0012193852875
0.7006401629875	0.0012216909106
0.7018595482750	0.0012240055528
0.7030812391856	0.0012263292659
0.7043052447384	0.0012286621023
0.7055315740043	0.0012310041147
0.7067602361066	0.0012333553562
0.7079912402213	0.0012357158803
0.7092245955774	0.0012380857409
0.7104603114577	0.0012404649926
0.7116983971986	0.0012428536899
0.7129388621912	0.0012452518881
0.7141817158811	0.0012476596428
0.7154269677691	0.0012500770102
0.7166746274120	0.0012525040467
0.7179247044222	0.0012549408093
0.7191772084689	0.0012573873553
0.7204321492781	0.0012598437426
0.7216895366334	0.0012623100295
0.7229493803760	0.0012647862749
0.7242116904055	0.0012672725378
0.7254764766804	0.0012697688780
0.7267437492182	0.0012722753557
0.7280135180962	0.0012747920315
0.7292857934519	0.0012773189665
0.7305605854834	0.0012798562225
0.7318379044499	0.0012824038614
0.7331177606724	0.0012849619459
0.7344001645338	0.0012875305391
0.7356851264796	0.0012901097046
0.7369726570187	0.0012926995066
0.7382627667233	0.0012953000097
0.7395554662298	0.0012979112790
0.7408507662395	0.0013005333804
0.7421486775185	0.0013031663800
0.7434492108990	0.0013058103446
0.7447523772790	0.0013084653416
0.7460581876236	0.0013111314387
0.7473666529652	0.0013138087045
0.7486777844039	0.0013164972079
0.7499915931085	0.0013191970185
0.7513080903164	0.0013219082064
0.7526272873348	0.0013246308423
0.7539491955412	0.0013273649975
0.7552738263835	0.0013301107440
0.7566011913810	0.0013328681541
0.7579313021250	0.0013356373010
0.7592641702791	0.0013384182584
0.7605998075801	0.0013412111005
0.7619382258385	0.0013440159024
0.7632794369390	0.0013468327396
0.7646234528414	0.0013496616883
0.7659702855811	0.0013525028253
0.7673199472694	0.0013553562282
0.7686724500947	0.0013582219750
0.7700278063229	0.0013611001446
0.7713860282979	0.0013639908165
0.7727471284425	0.0013668940708
0.7741111192590	0.0013698099884
0.7754780133298	0.0013727386509
0.7768478233183	0.0013756801403
0.7782205619691	0.0013786345397
0.7795962421094	0.0013816019328
0.7809748766492	0.0013845824039
0.7823564785820	0.0013875760381
0.7837410609859	0.0013905829213
0.7851286370241	0.0013936031400
0.7865192199454	0.0013966367817
0.7879128230854	0.0013996839343
0.7893094598671	0.0014027446868
0.7907091438013	0.0014058191288
0.7921118884881	0.0014089073507
0.7935177076169	0.0014120094439
0.7949266149676	0.0014151255003
0.7963386244115	0.0014182556127
0.7977537499117	0.0014213998749
0.7991720055245	0.0014245583814
0.8005934053994	0.0014277312275
0.8020179637808	0.0014309185094
0.8034456950083	0.0014341203241
0.8048766135177	0.0014373367696
0.8063107338418	0.0014405679446
0.8077480706113	0.0014438139489
0.8091886385559	0.0014470748830
0.8106324525048	0.0014503508485
0.8120795273879	0.0014536419477
0.8135298782364	0.0014569482840
0.8149835201841	0.0014602699617
0.8164404684681	0.0014636070860
0.8179007384299	0.0014669597631
0.8193643455159	0.0014703281001
0.8208313052789	0.0014737122052
0.8223016333790	0.0014771121876
0.8237753455842	0.0014805281573
0.8252524577718	0.0014839602256
0.8267329859292	0.0014874085047
0.8282169461548	0.0014908731077
0.8297043546595	0.0014943541490
0.8311952277672	0.0014978517439
0.8326895819163	0.0015013660089
0.8341874336602	0.0015048970614
0.8356887996691	0.0015084450201
0.8371936967305	0.0015120100047
0.8387021417506	0.0015155921361
0.8402141517553	0.0015191915363
0.8417297438914	0.0015228083285
0.8432489354277	0.0015264426369
0.8447717437561	0.0015300945872
0.8462981863930	0.0015337643059
0.8478282809802	0.0015374519212
0.8493620452861	0.0015411575620
0.8508994972073	0.0015448813588
0.8524406547693	0.0015486234432
0.8539855361280	0.0015523839482
0.8555341595712	0.0015561630080
0.8570865435195	0.0015599607580
0.8586427065274	0.0015637773351
0.8602026672854	0.0015676128774
0.8617664446205	0.0015714675245
0.8633340574979	0.0015753414172
0.8649055250223	0.0015792346977
0.8664808664395	0.0015831475098
0.8680601011372	0.0015870799985
0.8696432486470	0.0015910323102
0.8712303286454	0.0015950045930
0.8728213609556	0.0015989969963
0.8744163655487	0.0016030096710
0.8760153625450	0.0016070427694
0.8776183722159	0.0016110964457
0.8792254149854	0.0016151708552
0.8808365114311	0.0016192661549
0.8824516822862	0.0016233825037
0.8840709484412	0.0016275200615
0.8856943309448	0.0016316789905
0.8873218510064	0.0016358594540
0.8889535299968	0.0016400616172
0.8905893894508	0.0016442856470
0.8922294510680	0.0016485317120
0.8938737367150	0.0016527999824
0.8955222684270	0.0016570906303
0.8971750684094	0.0016614038296
0.8988321590397	0.0016657397558
0.9004935628693	0.0016700985864
0.9021593026251	0.0016744805007
0.9038294012115	0.0016788856798
0.9055038817122	0.0016833143068
0.9071827673920	0.0016877665667
0.9088660816988	0.0016922426463
0.9105538482655	0.0016967427345
0.9122460909118	0.0017012670222
0.9139428336462	0.0017058157023
0.9156441006684	0.0017103889697
0.9173499163707	0.0017149870214
0.9190603053404	0.0017196100565
0.9207752923618	0.0017242582763
0.9224949024183	0.0017289318842
0.9242191606946	0.0017336310856
0.9259480925788	0.0017383560885
0.9276817236644	0.0017431071029
0.9294200797529	0.0017478843411
0.9311631868559	0.0017526880176
0.9329110711969	0.0017575183496
0.9346637592146	0.0017623755562
0.9364212775642	0.0017672598593
0.9381836531204	0.0017721714830
0.9399509129797	0.0017771106540
0.9417230844628	0.0017820776013
0.9435001951167	0.0017870725567
0.9452822727181	0.0017920957545
0.9470693452748	0.0017971474314
0.9488614410293	0.0018022278269
0.9506585884606	0.0018073371834
0.9524608162875	0.0018124757456
0.9542681534709	0.0018176437612
0.9560806292165	0.0018228414807
0.9578982729777	0.0018280691573
0.9597211144584	0.0018333270473
0.9615491836157	0.0018386154097
0.9633825106630	0.0018439345065
0.9652211260727	0.0018492846028
0.9670650605792	0.0018546659667
0.9689143451820	0.0018600788692
0.9707690111487	0.0018655235848
0.9726290900179	0.0018710003909
0.9744946136027	0.0018765095681
0.9763656139936	0.0018820514005
0.9782421235617	0.0018876261752
0.9801241749621	0.0018932341830
0.9820118011374	0.0018988757179
0.9839050353204	0.0019045510775
0.9858039110383	0.0019102605626
0.9877084621158	0.0019160044780
0.9896187226784	0.0019217831319
0.9915347271564	0.0019275968361
0.9934565102883	0.0019334459062
0.9953841071243	0.0019393306617
0.9973175530305	0.0019452514258
0.9992568836923	0.0019512085257
1.0012021351181	0.0019572022924
1.0031533436438	0.0019632330610
1.0051105459361	0.0019693011707
1.0070737789971	0.0019754069649
1.0090430801678	0.0019815507910
1.0110184871326	0.0019877330009
1.0130000379237	0.0019939539508
1.0149877709246	0.0020002140010
1.0169817248753	0.0020065135166
1.0189819388763	0.0020128528672
1.0209884523930	0.0020192324269
1.0230013052602	0.0020256525744
1.0250205376871	0.0020321136934
1.0270461902615	0.0020386161722
1.0290783039549	0.0020451604042
1.0311169201272	0.0020517467875
1.0331620805313	0.0020583757255
1.0352138273188	0.0020650476268
1.0372722030443	0.0020717629048
1.0393372506711	0.0020785219788
1.0414090135759	0.0020853252729
1.0434875355547	0.0020921732171
1.0455728608276	0.0020990662468
1.0476650340447	0.0021060048030
1.0497641002915	0.0021129893326
1.0518701050945	0.0021200202882
1.0539830944271	0.0021270981284
1.0561031147153	0.0021342233177
1.0582302128437	0.0021413963270
1.0603644361614	0.0021486176332
1.0625058324884	0.0021558877196
1.0646544501216	0.0021632070760
1.0668103378413	0.0021705761986
1.0689735449173	0.0021779955904
1.0711441211159	0.0021854657612
1.0733221167063	0.0021929872274
1.0755075824675	0.0022005605128
1.0777005696949	0.0022081861480
1.0799011302077	0.0022158646709
1.0821093163557	0.0022235966270
1.0843251810266	0.0022313825689
1.0865487776536	0.0022392230571
1.0887801602225	0.0022471186598
1.0910193832796	0.0022550699529
1.0932665019394	0.0022630775206
1.0955215718923	0.0022711419550
1.0977846494129	0.0022792638567
1.1000557913679	0.0022874438346
1.1023350552246	0.0022956825063
1.1046224990592	0.0023039804980
1.1069181815655	0.0023123384449
1.1092221620635	0.0023207569913
1.1115345005084	0.0023292367907
1.1138552574997	0.0023377785058
1.1161844942903	0.0023463828092
1.1185222727962	0.0023550503828
1.1208686556053	0.0023637819188
1.1232237059881	0.0023725781192
1.1255874879070	0.0023814396965
1.1279600660262	0.0023903673734
1.1303415057227	0.0023993618833
1.1327318730961	0.0024084239707
1.1351312349794	0.0024175543908
1.1375396589501	0.0024267539102
1.1399572133409	0.0024360233069
1.1423839672510	0.0024453633707
1.1448199905579	0.0024547749031
1.1472653539286	0.0024642587178
1.1497201288317	0.0024738156410
1.1521843875495	0.0024834465111
1.1546582031905	0.0024931521796
1.1571416497015	0.0025029335110
1.1596348018811	0.0025127913830
1.1621377353921	0.0025227266871
1.1646505267751	0.0025327403284
1.1671732534622	0.0025428332261
1.1697059937906	0.0025530063139
1.1722488270167	0.0025632605401
1.1748018333306	0.0025735968679
1.1773650938707	0.0025840162758
1.1799386907387	0.0025945197577
1.1825227070145	0.0026051083235
1.1851172267722	0.0026157829991
1.1877223350957	0.0026265448271
1.1903381180948	0.0026373948667
1.1929646629219	0.0026483341943
1.1956020577886	0.0026593639038
1.1982503919829	0.0026704851071
1.2009097558867	0.0026816989341
1.2035802409938	0.0026930065334
1.2062619399279	0.0027044090725
1.2089549464612	0.0027159077385
1.2116593555338	0.0027275037379
1.2143752632722	0.0027391982978
1.2171027670102	0.0027509926655
1.2198419653080	0.0027628881095
1.2225929579734	0.0027748859199
1.2253558460830	0.0027869874087
1.2281307320029	0.0027991939100
1.2309177194116	0.0028115067812
1.2337169133216	0.0028239274028
1.2365284201027	0.0028364571793
1.2393523475055	0.0028490975395
1.2421888046848	0.0028618499372
1.2450379022242	0.0028747158516
1.2478997521614	0.0028876967880
1.2507744680130	0.0029007942782
1.2536621648009	0.0029140098813
1.2565629590791	0.0029273451842
1.2594769689605	0.0029408018019
1.2624043141446	0.0029543813789
1.2653451159466	0.0029680855890
1.2682994973254	0.0029819161367
1.2712675829145	0.0029958747574
1.2742494990512	0.0030099632181
1.2772453738086	0.0030241833187
1.2802553370267	0.0030385368919
1.2832795203454	0.0030530258047
1.2863180572373	0.0030676519589
1.2893710830420	0.0030824172917
1.2924387350009	0.0030973237770
1.2955211522926	0.0031123734259
1.2986184760696	0.0031275682876
1.3017308494955	0.0031429104505
1.3048584177831	0.0031584020431
1.3080013282336	0.0031740452347
1.3111597302767	0.0031898422367
1.3143337755114	0.0032057953035
1.3175236177480	0.0032219067335
1.3207294130515	0.0032381788703
1.3239513197850	0.0032546141037
1.3271894986554	0.0032712148708
1.3304441127590	0.0032879836572
1.3337153276298	0.0033049229986
1.3370033112870	0.0033220354812
1.3403082342856	0.0033393237439
1.3436302697668	0.0033567904791
1.3469695935107	0.0033744384340
1.3503263839898	0.0033922704124
1.3537008224237	0.0034102892759
1.3570930928361	0.0034284979454
1.3605033821121	0.0034468994026
1.3639318800575	0.0034654966917
1.3673787794600	0.0034842929211
1.3708442761517	0.0035032912647
1.3743285690728	0.0035224949644
1.3778318603375	0.0035419073309
1.3813543553019	0.0035615317464
1.3848962626328	0.0035813716662
1.3884577943792	0.0036014306206
1.3920391660454	0.0036217122169
1.3956405966660	0.0036422201419
1.3992623088829	0.0036629581637
1.4029045290248	0.0036839301339
1.4065674871885	0.0037051399903
1.4102514173224	0.0037265917592
1.4139565573127	0.0037482895573
1.4176831490719	0.0037702375954
1.4214314386292	0.0037924401799
1.4252016762246	0.0038149017162
1.4289941164045	0.0038376267116
1.4328090181207	0.0038606197778
1.4366466448322	0.0038838856342
1.4405072646100	0.0039074291113
1.4443911502442	0.0039312551534
1.4482985793555	0.0039553688225
1.4522298345090	0.0039797753013
1.4561852033315	0.0040044798975
1.4601649786328	0.0040294880467
1.4641694585303	0.0040548053171
1.4681989465770	0.0040804374131
1.4722537518942	0.0041063901793
1.4763341893072	0.0041326696055
1.4804405794865	0.0041592818304
1.4845732490920	0.0041862331469
1.4887325309224	0.0042135300066
1.4929187640693	0.0042411790249
1.4971322940759	0.0042691869863
1.5013734731009	0.0042975608495
1.5056426600871	0.0043263077536
1.5099402209367	0.0043554350234
1.5142665286903	0.0043849501756
1.5186219637137	0.0044148609254
1.5230069138894	0.0044451751925
1.5274217748148	0.0044759011087
1.5318669500073	0.0045070470240
1.5363428511160	0.0045386215151
1.5408498981400	0.0045706333920
1.5453885196551	0.0046030917067
1.5499591530471	0.0046360057615
1.5545622447538	0.0046693851170
1.5591982505153	0.0047032396021
1.5638676356323	0.0047375793226
1.5685708752344	0.0047724146714
1.5733084545569	0.0048077563387
1.5780808692283	0.0048436153226
1.5828886255670	0.0048800029402
1.5877322408896	0.0049169308391
1.5926122438298	0.0049544110100
1.5975291746689	0.0049924557987
1.6024835856789	0.0050310779197
1.6074760414776	0.0050702904700
1.6125071193972	0.0051101069435
1.6175774098673	0.0051505412461
1.6226875168108	0.0051916077111
1.6278380580569	0.0052333211165
1.6330296657680	0.0052756967015
1.6382629868844	0.0053187501852
1.6435386835859	0.0053624977850
1.6488574337711	0.0054069562369
1.6542199315561	0.0054521428161
1.6596268877930	0.0054980753587
1.6650790306091	0.0055447722847
1.6705771059678	0.0055922526222
1.6761218782525	0.0056405360322
1.6817141308748	0.0056896428352
1.6873546669070	0.0057395940390
1.6930443097422	0.0057904113681
1.6987839037813	0.0058421172937
1.7045743151493	0.0058947350670
1.7104164324431	0.0059482887522
1.7163111675100	0.0060028032627
1.7222594562622	0.0060583043988
1.7282622595249	0.0061148188870
1.7343205639237	0.0061723744222
1.7404353828107	0.0062309997115
1.7466077572329	0.0062907245205
1.7528387569444	0.0063515797230
1.7591294814649	0.0064135973520
1.7654810611879	0.0064768106550
1.7718946585398	0.0065412541518
1.7783714691949	0.0066069636954
1.7849127233467	0.0066739765367
1.7915196870421	0.0067423313936
1.7981936635788	0.0068120685229
1.8049359949724	0.0068832297976
1.8117480634953	0.0069558587884
1.8186312932929	0.0070300008500
1.8255871520813	0.0071057032136
1.8326171529314	0.0071830150836
1.8397228561449	0.0072619877422
1.8469058712286	0.0073426746591
1.8541678589708	0.0074251316090
1.8615105336298	0.0075094167970
1.8689356652389	0.0075955909914
1.8764450820359	0.0076837176657
1.8840406730273	0.0077738631505
1.8917243906930	0.0078660967949
1.8994982538434	0.0079604911400
1.9073643506384	0.0080571221031
1.9153248417784	0.0081560691759
1.9233819638815	0.0082574156364
1.9315380330574	0.0083612487758
1.9397954486939	0.0084676601423
1.9481566974697	0.0085767458021
1.9566243576120	0.0086886066207
1.9652011034140	0.0088033485646
1.9738897100347	0.0089210830267
1.9826930585993	0.0090419271758
1.9916141416260	0.0091660043345
2.0006560688018	0.0092934443865
2.0098220731363	0.0094243842162
2.0191155175228	0.0095589681849
2.0285399017390	0.0096973486453
2.0380988699239	0.0098396864998
2.0477962185692	0.0099861518051
2.0576359050690	0.0101369244293
2.0676220568741	0.0102921947666
2.0777589813034	0.0104521645136
2.0880511760700	0.0106170475168
2.0985033405835	0.0107870706963
2.1091203881004	0.0109624750544
2.1199074587967	0.0111435167794
2.1308699338511	0.0113304684541
2.1420134506305	0.0115236203809
2.1533439190845	0.0117232820372
2.1648675394655	0.0119297836757
2.1765908215027	0.0121434780874
2.1885206051784	0.0123647425458
2.2006640832658	0.0125939809556
2.2130288258115	0.0128316262301
2.2256228067671	0.0130781429271
2.2384544329973	0.0133340301754
2.2515325759243	0.0135998249320
2.2648666060997	0.0138761056108
2.2784664310317	0.0141634961371
2.2923425366425	0.0144626704832
2.3065060327796	0.0147743577557
2.3209687032628	0.0150993479125
2.3357430610185	0.0154384982024
2.3508424089311	0.0157927404353
2.3662809071334	0.0161630892112
2.3820736475687	0.0165506512568
2.3982367367799	0.0169566360474
2.4147873880367	0.0173823679244
2.4317440240841	0.0178292999594
2.4491263920085	0.0182990298619
2.4669556919679	0.0187933182929
2.4852547218298	0.0193141100137
2.5040480401227	0.0198635583954
2.5233621501365	0.0204440539246
2.5432257085319	0.0210582574821
2.5636697624565	0.0217091393494
2.5847280199386	0.0224000251181
2.6064371592879	0.0231346499647
2.6288371844061	0.0239172231106
2.6519718343708	0.0247525047565
2.6758890574814	0.0256458983824
2.7006415622379	0.0266035620907
2.7262874606203	0.0276325437075
2.7528910227110	0.0287409457309
2.7805235664185	0.0299381280531
2.8092645121494	0.0312349588695
2.8392026402025	0.0326441275788
2.8704375990720	0.0341805381562
2.9030817266508	0.0358618080109
2.9372622648070	0.0377089065649
2.9731240728179	0.0397469809977
3.0108329793828	0.0420064357901
3.0505799603805	0.0445243610097
3.0925863961706	0.0473464467585
3.1371107571802	0.0505295861370
3.1844572039387	0.0541454703424
3.2349867900757	0.0582856410007
3.2891322604182	0.0630687287115
3.3474179014189	0.0686510498685
3.4104866301304	0.0752425007258
3.4791376799989	0.0831310610926
3.5543801807247	0.0927217763188
3.6375112418172	0.1046010582781
3.7302330181360	0.1196473199809
3.8348340764141	0.1392310438461
3.9544813963950	0.1655987893404
4.0937124402411	0.2026657294865
4.2593112295814	0.2578058650855
4.4619769590680	0.3463896344131
4.7197828241535	0.5000000000000
5.0661724585666	0.5000000000000
5.5661724585666	0.5000000000000
6.0661724585666	0.5000000000000
6.5661724585666	0.5000000000000
7.0661724585666	0.5000000000000
7.5661724585666	0.5000000000000
8.0661724585666	0.5000000000000
8.5661724585666	0.5000000000000
9.0661724585666	0.5000000000000
9.5661724585666	0.5000000000000
10.0661724585666	0.5000000000000
10.5661724585666	0.5000000000000
11.0661724585666	0.5000000000000
11.5661724585666	0.5000000000000
12.0661724585666	0.5000000000000
12.5661724585666	0.5000000000000
13.0661724585666	0.5000000000000
13.5661724585666	0.5000000000000
14.0661724585666	0.5000000000000
14.5661724585666	0.5000000000000
15.0661724585666	0.5000000000000
15.5661724585666	0.5000000000000
16.0661724585666	0.5000000000000
16.5661724585666	0.5000000000000
17.0661724585666	0.5000000000000
17.5661724585666	0.5000000000000
18.0661724585666	0.5000000000000
