0.0000005000000	0.0000000000000
0.0000010000000	0.0000004999999
0.0000060000000	0.0000054999543
0.0000560000000	0.0000554915086
0.0002252694158	0.0002246565947
0.0005072616723	0.0005062873986
0.0008729430673	0.0008712075455
0.0012746082034	0.0012716842489
0.0016968169723	0.0016922630031
0.0021300793096	0.0021234565725
0.0025702116884	0.0025610828744
0.0030149424841	0.0030028716942
0.0034629655518	0.0034475178304
0.0039134708521	0.0038942118716
0.0043659260910	0.0043424219332
0.0048199645940	0.0047917815992
0.0052753238924	0.0052420285533
0.0057318100745	0.0056929689605
0.0061892760527	0.0061444557533
0.0066476077468	0.0065963748289
0.0071067149821	0.0070486359576
0.0075665253056	0.0075011666053
0.0080269796698	0.0079539076225
0.0084880293500	0.0084068101660
0.0089496336956	0.0088598334524
0.0094117584603	0.0093129430912
0.0098743745411	0.0097661098252
0.0103374570123	0.0102193085659
0.0108009843756	0.0106725176450
0.0112649379706	0.0111257182254
0.0117293015068	0.0115788938345
0.0121940606878	0.0120320299884
0.0126592029073	0.0124851138890
0.0131247170006	0.0129381341755
0.0135905930402	0.0133910807205
0.0140568221662	0.0138439444607
0.0145233964451	0.0142967172561
0.0149903087507	0.0147493917708
0.0154575526639	0.0152019613735
0.0159251223875	0.0156544200517
0.0163930126732	0.0161067623400
0.0168612187594	0.0165589832567
0.0173297363175	0.0170110782510
0.0177985614049	0.0174630431563
0.0182676904250	0.0179148741495
0.0187371200916	0.0183665677161
0.0192068473981	0.0188181206194
0.0196768695906	0.0192695298732
0.0201471841433	0.0197207927180
0.0206177887383	0.0201719066001
0.0210886812460	0.0206228691528
0.0215598597090	0.0210736781794
0.0220313223269	0.0215243316389
0.0225030674431	0.0219748276325
0.0229750935331	0.0224251643919
0.0234473991935	0.0228753402682
0.0239199831326	0.0233253537227
0.0243928441615	0.0237752033183
0.0248659811864	0.0242248877112
0.0253393932017	0.0246744056443
0.0258130792829	0.0251237559405
0.0262870385817	0.0255729374969
0.0267612703195	0.0260219492797
0.0272357737837	0.0264707903187
0.0277105483222	0.0269194597036
0.0281855933402	0.0273679565796
0.0286609082958	0.0278162801436
0.0291364926970	0.0282644296409
0.0296123460981	0.0287124043619
0.0300884680975	0.0291602036395
0.0305648583342	0.0296078268461
0.0310415164860	0.0300552733914
0.0315184422668	0.0305025427199
0.0319956354246	0.0309496343090
0.0324730957396	0.0313965476667
0.0329508230225	0.0318432823304
0.0334288171123	0.0322898378644
0.0339070778756	0.0327362138592
0.0343856052041	0.0331824099294
0.0348643990142	0.0336284257126
0.0353434592451	0.0340742608680
0.0358227858578	0.0345199150755
0.0363023788342	0.0349653880344
0.0367822381757	0.0354106794622
0.0372623639026	0.0358557890939
0.0377427560527	0.0363007166813
0.0382234146813	0.0367454619914
0.0387043398593	0.0371900248064
0.0391855316734	0.0376344049226
0.0396669902250	0.0380786021496
0.0401487156293	0.0385226163098
0.0406307080152	0.0389664472379
0.0411129675245	0.0394100947799
0.0415954943110	0.0398535587931
0.0420782885406	0.0402968391451
0.0425613503903	0.0407399357136
0.0430446800480	0.0411828483857
0.0435282777121	0.0416255770578
0.0440121435908	0.0420681216348
0.0444962779019	0.0425104820300
0.0449806808727	0.0429526581646
0.0454653527390	0.0433946499674
0.0459502937453	0.0438364573744
0.0464355041444	0.0442780803285
0.0469209841969	0.0447195187793
0.0474067341711	0.0451607726828
0.0478927543427	0.0456018420008
0.0483790449944	0.0460427267012
0.0488656064160	0.0464834267573
0.0493524389036	0.0469239421479
0.0498395427600	0.0473642728567
0.0503269182942	0.0478044188724
0.0508145658210	0.0482443801886
0.0513024856613	0.0486841568030
0.0517906781413	0.0491237487180
0.0522791435931	0.0495631559400
0.0527678823538	0.0500023784795
0.0532568947657	0.0504414163506
0.0537461811761	0.0508802695712
0.0542357419372	0.0513189381630
0.0547255774059	0.0517574221506
0.0552156879437	0.0521957215624
0.0557060739166	0.0526338364294
0.0561967356948	0.0530717667860
0.0566876736529	0.0535095126695
0.0571788881695	0.0539470741197
0.0576703796272	0.0543844511793
0.0581621484127	0.0548216438937
0.0586541949163	0.0552586523105
0.0591465195321	0.0556954764799
0.0596391226580	0.0561321164542
0.0601320046952	0.0565685722882
0.0606251660485	0.0570048440385
0.0611186071262	0.0574409317641
0.0616123283396	0.0578768355258
0.0621063301036	0.0583125553862
0.0626006128362	0.0587480914098
0.0630951769583	0.0591834436631
0.0635900228941	0.0596186122139
0.0640851510708	0.0600535971320
0.0645805619182	0.0604883984884
0.0650762558695	0.0609230163561
0.0655722333602	0.0613574508090
0.0660684948290	0.0617917019230
0.0665650407170	0.0622257697747
0.0670618714682	0.0626596544427
0.0675589875291	0.0630933560063
0.0680563893489	0.0635268745462
0.0685540773791	0.0639602101444
0.0690520520741	0.0643933628839
0.0695503138903	0.0648263328487
0.0700488632870	0.0652591201240
0.0705477007255	0.0656917247958
0.0710468266696	0.0661241469513
0.0715462415854	0.0665563866785
0.0720459459413	0.0669884440663
0.0725459402081	0.0674203192044
0.0730462248585	0.0678520121835
0.0735468003676	0.0682835230948
0.0740476672128	0.0687148520306
0.0745488258733	0.0691459990836
0.0750502768307	0.0695769643475
0.0755520205685	0.0700077479166
0.0760540575724	0.0704383498856
0.0765563883301	0.0708687703502
0.0770590133313	0.0712990094063
0.0775619330677	0.0717290671509
0.0780651480330	0.0721589436809
0.0785686587228	0.0725886390943
0.0790724656347	0.0730181534893
0.0795765692682	0.0734474869647
0.0800809701247	0.0738766396196
0.0805856687075	0.0743056115537
0.0810906655217	0.0747344028671
0.0815959610744	0.0751630136603
0.0821015558743	0.0755914440341
0.0826074504321	0.0760196940898
0.0831136452602	0.0764477639290
0.0836201408730	0.0768756536536
0.0841269377864	0.0773033633657
0.0846340365183	0.0777308931681
0.0851414375882	0.0781582431634
0.0856491415173	0.0785854134549
0.0861571488287	0.0790124041457
0.0866654600472	0.0794392153396
0.0871740756992	0.0798658471404
0.0876829963129	0.0802922996521
0.0881922224180	0.0807185729789
0.0887017545462	0.0811446672253
0.0892115932305	0.0815705824959
0.0897217390059	0.0819963188954
0.0902321924089	0.0824218765289
0.0907429539775	0.0828472555014
0.0912540242517	0.0832724559181
0.0917654037728	0.0836974778844
0.0922770930839	0.0841223215056
0.0927890927296	0.0845469868874
0.0933014032562	0.0849714741353
0.0938140252116	0.0853957833552
0.0943269591452	0.0858199146529
0.0948402056082	0.0862438681341
0.0953537651532	0.0866676439048
0.0958676383345	0.0870912420710
0.0963818257078	0.0875146627387
0.0968963278305	0.0879379060139
0.0974111452617	0.0883609720028
0.0979262785619	0.0887838608113
0.0984417282930	0.0892065725456
0.0989574950189	0.0896291073118
0.0994735793046	0.0900514652160
0.0999899817170	0.0904736463641
0.1005067028244	0.0908956508624
0.1010237431965	0.0913174788169
0.1015411034047	0.0917391303334
0.1020587840221	0.0921606055181
0.1025767856229	0.0925819044767
0.1030951087834	0.0930030273153
0.1036137540809	0.0934239741395
0.1041327220945	0.0938447450552
0.1046520134048	0.0942653401679
0.1051716285939	0.0946857595835
0.1056915682455	0.0951060034072
0.1062118329447	0.0955260717448
0.1067324232782	0.0959459647014
0.1072533398342	0.0963656823823
0.1077745832024	0.0967852248928
0.1082961539741	0.0972045923379
0.1088180527420	0.0976237848225
0.1093402801004	0.0980428024516
0.1098628366452	0.0984616453299
0.1103857229736	0.0988803135620
0.1109089396845	0.0992988072523
0.1114324873782	0.0997171265053
0.1119563666567	0.1001352714253
0.1124805781232	0.1005532421162
0.1130051223828	0.1009710386822
0.1135300000419	0.1013886612269
0.1140552117083	0.1018061098542
0.1145807579917	0.1022233846675
0.1151066395029	0.1026404857702
0.1156328568544	0.1030574132655
0.1161594106604	0.1034741672566
0.1166863015364	0.1038907478462
0.1172135300994	0.1043071551372
0.1177410969681	0.1047233892321
0.1182690027626	0.1051394502333
0.1187972481046	0.1055553382430
0.1193258336172	0.1059710533634
0.1198547599252	0.1063865956962
0.1203840276548	0.1068019653431
0.1209136374339	0.1072171624056
0.1214435898917	0.1076321869851
0.1219738856592	0.1080470391827
0.1225045253687	0.1084617190993
0.1230355096542	0.1088762268356
0.1235668391511	0.1092905624922
0.1240985144965	0.1097047261694
0.1246305363290	0.1101187179674
0.1251629052888	0.1105325379860
0.1256956220174	0.1109461863251
0.1262286871582	0.1113596630840
0.1267621013560	0.1117729683622
0.1272958652570	0.1121861022587
0.1278299795093	0.1125990648724
0.1283644447623	0.1130118563019
0.1288992616670	0.1134244766458
0.1294344308762	0.1138369260022
0.1299699530439	0.1142492044691
0.1305058288260	0.1146613121443
0.1310420588799	0.1150732491253
0.1315786438643	0.1154850155095
0.1321155844400	0.1158966113940
0.1326528812689	0.1163080368756
0.1331905350148	0.1167192920509
0.1337285463430	0.1171303770164
0.1342669159204	0.1175412918682
0.1348056444154	0.1179520367022
0.1353447324982	0.1183626116141
0.1358841808404	0.1187730166994
0.1364239901154	0.1191832520532
0.1369641609982	0.1195933177706
0.1375046941652	0.1200032139461
0.1380455902947	0.1204129406744
0.1385868500664	0.1208224980495
0.1391284741618	0.1212318861655
0.1396704632639	0.1216411051162
0.1402128180575	0.1220501549948
0.1407555392288	0.1224590358948
0.1412986274659	0.1228677479090
0.1418420834584	0.1232762911302
0.1423859078976	0.1236846656507
0.1429301014764	0.1240928715629
0.1434746648895	0.1245009089586
0.1440195988330	0.1249087779295
0.1445649040050	0.1253164785670
0.1451105811051	0.1257240109624
0.1456566308345	0.1261313752063
0.1462030538963	0.1265385713896
0.1467498509951	0.1269455996026
0.1472970228372	0.1273524599353
0.1478445701307	0.1277591524775
0.1483924935853	0.1281656773190
0.1489407939126	0.1285720345488
0.1494894718256	0.1289782242562
0.1500385280392	0.1293842465297
0.1505879632700	0.1297901014580
0.1511377782364	0.1301957891291
0.1516879736584	0.1306013096311
0.1522385502577	0.1310066630516
0.1527895087579	0.1314118494780
0.1533408498842	0.1318168689974
0.1538925743637	0.1322217216966
0.1544446829250	0.1326264076622
0.1549971762988	0.1330309269805
0.1555500552172	0.1334352797374
0.1561033204143	0.1338394660187
0.1566569726260	0.1342434859098
0.1572110125898	0.1346473394959
0.1577654410450	0.1350510268618
0.1583202587329	0.1354545480922
0.1588754663964	0.1358579032713
0.1594310647803	0.1362610924831
0.1599870546310	0.1366641158115
0.1605434366970	0.1370669733398
0.1611002117285	0.1374696651512
0.1616573804774	0.1378721913286
0.1622149436975	0.1382745519546
0.1627729021446	0.1386767471114
0.1633312565760	0.1390787768812
0.1638900077512	0.1394806413456
0.1644491564313	0.1398823405860
0.1650087033793	0.1402838746836
0.1655686493601	0.1406852437192
0.1661289951405	0.1410864477734
0.1666897414890	0.1414874869264
0.1672508891763	0.1418883612583
0.1678124389746	0.1422890708487
0.1683743916582	0.1426896157769
0.1689367480033	0.1430899961221
0.1694995087879	0.1434902119631
0.1700626747921	0.1438902633783
0.1706262467976	0.1442901504459
0.1711902255883	0.1446898732439
0.1717546119499	0.1450894318498
0.1723194066700	0.1454888263409
0.1728846105382	0.1458880567942
0.1734502243461	0.1462871232865
0.1740162488870	0.1466860258942
0.1745826849565	0.1470847646933
0.1751495333519	0.1474833397596
0.1757167948725	0.1478817511687
0.1762844703197	0.1482799989957
0.1768525604968	0.1486780833155
0.1774210662091	0.1490760042027
0.1779899882638	0.1494737617316
0.1785593274702	0.1498713559762
0.1791290846397	0.1502687870102
0.1796992605855	0.1506660549069
0.1802698561229	0.1510631597394
0.1808408720693	0.1514601015804
0.1814123092440	0.1518568805025
0.1819841684686	0.1522534965776
0.1825564505663	0.1526499498778
0.1831291563628	0.1530462404744
0.1837022866856	0.1534423684388
0.1842758423643	0.1538383338419
0.1848498242307	0.1542341367541
0.1854242331185	0.1546297772459
0.1859990698637	0.1550252553872
0.1865743353041	0.1554205712477
0.1871500302799	0.1558157248967
0.1877261556333	0.1562107164033
0.1883027122085	0.1566055458362
0.1888797008519	0.1570002132638
0.1894571224121	0.1573947187543
0.1900349777399	0.1577890623754
0.1906132676879	0.1581832441946
0.1911919931112	0.1585772642791
0.1917711548670	0.1589711226957
0.1923507538144	0.1593648195110
0.1929307908151	0.1597583547912
0.1935112667327	0.1601517286021
0.1940921824329	0.1605449410094
0.1946735387840	0.1609379920783
0.1952553366560	0.1613308818739
0.1958375769215	0.1617236104606
0.1964202604551	0.1621161779028
0.1970033881338	0.1625085842646
0.1975869608366	0.1629008296096
0.1981709794450	0.1632929140011
0.1987554448426	0.1636848375022
0.1993403579153	0.1640766001757
0.1999257195512	0.1644682020838
0.2005115306408	0.1648596432887
0.2010977920767	0.1652509238521
0.2016845047541	0.1656420438354
0.2022716695700	0.1660330032998
0.2028592874243	0.1664238023060
0.2034473592187	0.1668144409145
0.2040358858575	0.1672049191855
0.2046248682474	0.1675952371787
0.2052143072971	0.1679853949536
0.2058042039180	0.1683753925693
0.2063945590236	0.1687652300848
0.2069853735299	0.1691549075585
0.2075766483554	0.1695444250486
0.2081683844206	0.1699337826130
0.2087605826487	0.1703229803091
0.2093532439653	0.1707120181942
0.2099463692982	0.1711008963251
0.2105399595778	0.1714896147584
0.2111340157368	0.1718781735503
0.2117285387104	0.1722665727567
0.2123235294362	0.1726548124332
0.2129189888543	0.1730428926348
0.2135149179073	0.1734308134167
0.2141113175402	0.1738185748332
0.2147081887003	0.1742061769386
0.2153055323378	0.1745936197868
0.2159033494050	0.1749809034315
0.2165016408569	0.1753680279257
0.2171004076510	0.1757549933225
0.2176996507473	0.1761417996743
0.2182993711082	0.1765284470334
0.2188995696990	0.1769149354516
0.2195002474871	0.1773012649806
0.2201014054427	0.1776874356716
0.2207030445386	0.1780734475754
0.2213051657502	0.1784593007426
0.2219077700552	0.1788449952234
0.2225108584342	0.1792305310676
0.2231144318703	0.1796159083249
0.2237184913493	0.1800011270443
0.2243230378594	0.1803861872748
0.2249280723917	0.1807710890648
0.2255335959397	0.1811558324626
0.2261396094998	0.1815404175159
0.2267461140708	0.1819248442723
0.2273531106544	0.1823091127790
0.2279606002550	0.1826932230826
0.2285685838794	0.1830771752298
0.2291770625374	0.1834609692666
0.2297860372413	0.1838446052387
0.2303955090064	0.1842280831918
0.2310054788504	0.1846114031707
0.2316159477941	0.1849945652204
0.2322269168606	0.1853775693851
0.2328383870763	0.1857604157089
0.2334503594699	0.1861431042356
0.2340628350732	0.1865256350086
0.2346758149206	0.1869080080707
0.2352893000494	0.1872902234648
0.2359032914998	0.1876722812331
0.2365177903147	0.1880541814175
0.2371327975398	0.1884359240598
0.2377483142237	0.1888175092012
0.2383643414180	0.1891989368825
0.2389808801769	0.1895802071445
0.2395979315578	0.1899613200272
0.2402154966207	0.1903422755706
0.2408335764287	0.1907230738141
0.2414521720477	0.1911037147970
0.2420712845465	0.1914841985580
0.2426909149970	0.1918645251356
0.2433110644739	0.1922446945679
0.2439317340549	0.1926247068926
0.2445529248207	0.1930045621472
0.2451746378549	0.1933842603686
0.2457968742443	0.1937638015935
0.2464196350783	0.1941431858582
0.2470429214498	0.1945224131988
0.2476667344544	0.1949014836507
0.2482910751909	0.1952803972492
0.2489159447609	0.1956591540293
0.2495413442695	0.1960377540254
0.2501672748244	0.1964161972717
0.2507937375367	0.1967944838019
0.2514207335205	0.1971726136496
0.2520482638931	0.1975505868478
0.2526763297747	0.1979284034291
0.2533049322888	0.1983060634260
0.2539340725620	0.1986835668704
0.2545637517241	0.1990609137940
0.2551939709080	0.1994381042279
0.2558247312500	0.1998151382031
0.2564560338892	0.2001920157501
0.2570878799682	0.2005687368990
0.2577202706327	0.2009453016796
0.2583532070318	0.2013217101213
0.2589866903177	0.2016979622532
0.2596207216457	0.2020740581039
0.2602553021748	0.2024499977017
0.2608904330669	0.2028257810746
0.2615261154873	0.2032014082501
0.2621623506047	0.2035768792554
0.2627991395910	0.2039521941172
0.2634364836216	0.2043273528622
0.2640743838751	0.2047023555162
0.2647128415334	0.2050772021050
0.2653518577820	0.2054518926539
0.2659914338097	0.2058264271879
0.2666315708085	0.2062008057314
0.2672722699741	0.2065750283086
0.2679135325055	0.2069490949435
0.2685553596052	0.2073230056593
0.2691977524790	0.2076967604791
0.2698407123363	0.2080703594256
0.2704842403901	0.2084438025210
0.2711283378565	0.2088170897873
0.2717730059556	0.2091902212459
0.2724182459106	0.2095631969180
0.2730640589486	0.2099360168243
0.2737104463000	0.2103086809852
0.2743574091989	0.2106811894206
0.2750049488828	0.2110535421502
0.2756530665931	0.2114257391931
0.2763017635744	0.2117977805681
0.2769510410754	0.2121696662936
0.2776009003481	0.2125413963877
0.2782513426483	0.2129129708681
0.2789023692353	0.2132843897519
0.2795539813723	0.2136556530560
0.2802061803261	0.2140267607969
0.2808589673671	0.2143977129906
0.2815123437697	0.2147685096528
0.2821663108118	0.2151391507989
0.2828208697752	0.2155096364436
0.2834760219453	0.2158799666015
0.2841317686115	0.2162501412866
0.2847881110669	0.2166201605126
0.2854450506084	0.2169900242929
0.2861025885367	0.2173597326403
0.2867607261566	0.2177292855673
0.2874194647764	0.2180986830860
0.2880788057085	0.2184679252080
0.2887387502691	0.2188370119447
0.2893992997785	0.2192059433069
0.2900604555608	0.2195747193051
0.2907222189439	0.2199433399494
0.2913845912599	0.2203118052493
0.2920475738448	0.2206801152143
0.2927111680386	0.2210482698530
0.2933753751852	0.2214162691739
0.2940401966327	0.2217841131851
0.2947056337331	0.2221518018942
0.2953716878425	0.2225193353083
0.2960383603212	0.2228867134342
0.2967056525334	0.2232539362783
0.2973735658476	0.2236210038466
0.2980421016362	0.2239879161446
0.2987112612760	0.2243546731773
0.2993810461478	0.2247212749496
0.3000514576366	0.2250877214656
0.3007224971317	0.2254540127293
0.3013941660264	0.2258201487441
0.3020664657184	0.2261861295130
0.3027393976097	0.2265519550386
0.3034129631064	0.2269176253230
0.3040871636189	0.2272831403681
0.3047620005621	0.2276485001751
0.3054374753551	0.2280137047449
0.3061135894212	0.2283787540781
0.3067903441883	0.2287436481746
0.3074677410885	0.2291083870340
0.3081457815583	0.2294729706555
0.3088244670388	0.2298373990379
0.3095037989753	0.2302016721795
0.3101837788177	0.2305657900781
0.3108644080203	0.2309297527312
0.3115456880419	0.2312935601358
0.3122276203458	0.2316572122885
0.3129102063999	0.2320207091854
0.3135934476765	0.2323840508221
0.3142773456526	0.2327472371940
0.3149619018096	0.2331102682959
0.3156471176338	0.2334731441220
0.3163329946159	0.2338358646664
0.3170195342512	0.2341984299225
0.3177067380399	0.2345608398833
0.3183946074866	0.2349230945414
0.3190831441008	0.2352851938890
0.3197723493967	0.2356471379178
0.3204622248932	0.2360089266189
0.3211527721138	0.2363705599831
0.3218439925872	0.2367320380009
0.3225358878464	0.2370933606620
0.3232284594296	0.2374545279558
0.3239217088798	0.2378155398715
0.3246156377446	0.2381763963973
0.3253102475767	0.2385370975215
0.3260055399338	0.2388976432315
0.3267015163783	0.2392580335146
0.3273981784777	0.2396182683573
0.3280955278044	0.2399783477458
0.3287935659357	0.2403382716660
0.3294922944543	0.2406980401030
0.3301917149474	0.2410576530416
0.3308918290076	0.2414171104663
0.3315926382326	0.2417764123608
0.3322941442250	0.2421355587085
0.3329963485927	0.2424945494923
0.3336992529486	0.2428533846948
0.3344028589109	0.2432120642977
0.3351071681029	0.2435705882827
0.3358121821531	0.2439289566308
0.3365179026954	0.2442871693224
0.3372243313688	0.2446452263376
0.3379314698176	0.2450031276560
0.3386393196915	0.2453608732566
0.3393478826454	0.2457184631181
0.3400571603396	0.2460758972186
0.3407671544399	0.2464331755357
0.3414778666173	0.2467902980465
0.3421892985483	0.2471472647277
0.3429014519150	0.2475040755553
0.3436143284047	0.2478607305052
0.3443279297103	0.2482172295524
0.3450422575305	0.2485735726716
0.3457573135690	0.2489297598369
0.3464730995356	0.2492857910221
0.3471896171453	0.2496416662003
0.3479068681190	0.2499973853442
0.3486248541831	0.2503529484259
0.3493435770697	0.2507083554171
0.3500630385166	0.2510636062889
0.3507832402673	0.2514187010120
0.3515041840710	0.2517736395565
0.3522258716829	0.2521284218920
0.3529483048636	0.2524830479877
0.3536714853800	0.2528375178120
0.3543954150044	0.2531918313332
0.3551200955154	0.2535459885187
0.3558455286971	0.2538999893356
0.3565717163397	0.2542538337504
0.3572986602395	0.2546075217291
0.3580263621986	0.2549610532372
0.3587548240252	0.2553144282396
0.3594840475334	0.2556676467007
0.3602140345435	0.2560207085845
0.3609447868820	0.2563736138542
0.3616763063812	0.2567263624727
0.3624085948798	0.2570789544023
0.3631416542226	0.2574313896047
0.3638754862606	0.2577836680412
0.3646100928510	0.2581357896725
0.3653454758574	0.2584877544585
0.3660816371496	0.2588395623591
0.3668185786035	0.2591912133331
0.3675563021018	0.2595427073392
0.3682948095332	0.2598940443352
0.3690341027929	0.2602452242786
0.3697741837827	0.2605962471261
0.3705150544107	0.2609471128342
0.3712567165915	0.2612978213586
0.3719991722462	0.2616483726543
0.3727424233026	0.2619987666762
0.3734864716950	0.2623490033781
0.3742313193643	0.2626990827137
0.3749769682579	0.2630490046358
0.3757234203303	0.2633987690968
0.3764706775423	0.2637483760486
0.3772187418615	0.2640978254423
0.3779676152625	0.2644471172286
0.3787172997265	0.2647962513576
0.3794677972416	0.2651452277789
0.3802191098027	0.2654940464412
0.3809712394117	0.2658427072930
0.3817241880773	0.2661912102821
0.3824779578154	0.2665395553555
0.3832325506486	0.2668877424600
0.3839879686067	0.2672357715415
0.3847442137266	0.2675836425454
0.3855012880521	0.2679313554166
0.3862591936343	0.2682789100993
0.3870179325314	0.2686263065370
0.3877775068089	0.2689735446729
0.3885379185393	0.2693206244494
0.3892991698026	0.2696675458083
0.3900612626859	0.2700143086907
0.3908241992838	0.2703609130374
0.3915879816982	0.2707073587884
0.3923526120383	0.2710536458829
0.3931180924210	0.2713997742599
0.3938844249704	0.2717457438574
0.3946516118182	0.2720915546130
0.3954196551037	0.2724372064637
0.3961885569737	0.2727826993456
0.3969583195828	0.2731280331946
0.3977289450929	0.2734732079456
0.3985004356740	0.2738182235331
0.3992727935035	0.2741630798908
0.4000460207667	0.2745077769518
0.4008201196568	0.2748523146488
0.4015950923747	0.2751966929136
0.4023709411291	0.2755409116773
0.4031476681368	0.2758849708706
0.4039252756225	0.2762288704235
0.4047037658189	0.2765726102651
0.4054831409666	0.2769161903242
0.4062634033145	0.2772596105287
0.4070445551193	0.2776028708060
0.4078265986463	0.2779459710827
0.4086095361685	0.2782889112848
0.4093933699674	0.2786316913377
0.4101781023327	0.2789743111661
0.4109637355625	0.2793167706939
0.4117502719631	0.2796590698445
0.4125377138492	0.2800012085405
0.4133260635442	0.2803431867040
0.4141153233796	0.2806850042562
0.4149054956956	0.2810266611178
0.4156965828410	0.2813681572086
0.4164885871731	0.2817094924480
0.4172815110579	0.2820506667545
0.4180753568700	0.2823916800459
0.4188701269928	0.2827325322395
0.4196658238185	0.2830732232517
0.4204624497481	0.2834137529982
0.4212600071913	0.2837541213942
0.4220584985669	0.2840943283539
0.4228579263027	0.2844343737911
0.4236582928351	0.2847742576187
0.4244596006101	0.2851139797489
0.4252618520822	0.2854535400932
0.4260650497155	0.2857929385623
0.4268691959830	0.2861321750664
0.4276742933670	0.2864712495147
0.4284803443590	0.2868101618158
0.4292873514600	0.2871489118777
0.4300953171801	0.2874874996075
0.4309042440390	0.2878259249114
0.4317141345657	0.2881641876953
0.4325249912988	0.2885022878639
0.4333368167865	0.2888402253215
0.4341496135865	0.2891779999714
0.4349633842661	0.2895156117163
0.4357781314023	0.2898530604580
0.4365938575821	0.2901903460978
0.4374105654019	0.2905274685359
0.4382282574682	0.2908644276719
0.4390469363974	0.2912012234048
0.4398666048156	0.2915378556325
0.4406872653592	0.2918743242522
0.4415089206745	0.2922106291606
0.4423315734178	0.2925467702533
0.4431552262557	0.2928827474252
0.4439798818649	0.2932185605705
0.4448055429325	0.2935542095825
0.4456322121557	0.2938896943537
0.4464598922421	0.2942250147759
0.4472885859100	0.2945601707400
0.4481182958878	0.2948951621362
0.4489490249145	0.2952299888537
0.4497807757398	0.2955646507811
0.4506135511240	0.2958991478060
0.4514473538380	0.2962334798153
0.4522821866634	0.2965676466950
0.4531180523928	0.2969016483304
0.4539549538295	0.2972354846058
0.4547928937877	0.2975691554047
0.4556318750927	0.2979026606099
0.4564719005805	0.2982360001032
0.4573129730987	0.2985691737656
0.4581550955055	0.2989021814772
0.4589982706707	0.2992350231174
0.4598425014752	0.2995676985646
0.4606877908111	0.2999002076964
0.4615341415820	0.3002325503894
0.4623815567031	0.3005647265195
0.4632300391007	0.3008967359618
0.4640795917131	0.3012285785901
0.4649302174898	0.3015602542779
0.4657819193923	0.3018917628973
0.4666347003936	0.3022231043198
0.4674885634787	0.3025542784159
0.4683435116445	0.3028852850553
0.4691995478995	0.3032161241067
0.4700566752645	0.3035467954379
0.4709148967724	0.3038772989158
0.4717742154679	0.3042076344064
0.4726346344082	0.3045378017747
0.4734961566626	0.3048678008850
0.4743587853128	0.3051976316005
0.4752225234528	0.3055272937833
0.4760873741891	0.3058567872950
0.4769533406407	0.3061861119958
0.4778204259392	0.3065152677453
0.4786886332288	0.3068442544020
0.4795579656667	0.3071730718233
0.4804284264224	0.3075017198660
0.4813000186788	0.3078301983857
0.4821727456312	0.3081585072369
0.4830466104884	0.3084866462734
0.4839216164719	0.3088146153480
0.4847977668166	0.3091424143123
0.4856750647704	0.3094700430171
0.4865535135947	0.3097975013122
0.4874331165641	0.3101247890462
0.4883138769667	0.3104519060670
0.4891957981042	0.3107788522212
0.4900788832916	0.3111056273547
0.4909631358580	0.3114322313122
0.4918485591458	0.3117586639372
0.4927351565115	0.3120849250726
0.4936229313253	0.3124110145600
0.4945118869715	0.3127369322399
0.4954020268484	0.3130626779519
0.4962933543683	0.3133882515345
0.4971858729580	0.3137136528253
0.4980795860583	0.3140388816605
0.4989744971244	0.3143639378756
0.4998706096261	0.3146888213048
0.5007679270474	0.3150135317813
0.5016664528873	0.3153380691372
0.5025661906592	0.3156624332037
0.5034671438914	0.3159866238106
0.5043693161268	0.3163106407868
0.5052727109237	0.3166344839601
0.5061773318550	0.3169581531570
0.5070831825088	0.3172816482033
0.5079902664884	0.3176049689232
0.5088985874126	0.3179281151401
0.5098081489151	0.3182510866761
0.5107189546455	0.3185738833524
0.5116310082687	0.3188965049887
0.5125443134651	0.3192189514039
0.5134588739312	0.3195412224156
0.5143746933789	0.3198633178402
0.5152917755362	0.3201852374929
0.5162101241470	0.3205069811880
0.5171297429714	0.3208285487383
0.5180506357856	0.3211499399556
0.5189728063819	0.3214711546505
0.5198962585692	0.3217921926324
0.5208209961727	0.3221130537093
0.5217470230343	0.3224337376884
0.5226743430122	0.3227542443753
0.5236029599818	0.3230745735746
0.5245328778349	0.3233947250896
0.5254641004805	0.3237146987224
0.5263966318445	0.3240344942739
0.5273304758701	0.3243541115435
0.5282656365174	0.3246735503298
0.5292021177642	0.3249928104297
0.5301399236055	0.3253118916390
0.5310790580539	0.3256307937525
0.5320195251396	0.3259495165632
0.5329613289105	0.3262680598633
0.5339044734326	0.3265864234433
0.5348489627894	0.3269046070928
0.5357948010829	0.3272226105997
0.5367419924331	0.3275404337509
0.5376905409780	0.3278580763319
0.5386404508744	0.3281755381267
0.5395917262973	0.3284928189181
0.5405443714405	0.3288099184877
0.5414983905163	0.3291268366154
0.5424537877560	0.3294435730801
0.5434105674096	0.3297601276592
0.5443687337464	0.3300765001286
0.5453282910548	0.3303926902630
0.5462892436422	0.3307086978356
0.5472515958359	0.3310245226183
0.5482153519822	0.3313401643816
0.5491805164472	0.3316556228944
0.5501470936170	0.3319708979244
0.5511150878971	0.3322859892378
0.5520845037133	0.3326008965993
0.5530553455114	0.3329156197724
0.5540276177575	0.3332301585187
0.5550013249379	0.3335445125988
0.5559764715595	0.3338586817717
0.5569530621497	0.3341726657947
0.5579311012568	0.3344864644238
0.5589105934496	0.3348000774137
0.5598915433182	0.3351135045171
0.5608739554737	0.3354267454858
0.5618578345484	0.3357398000695
0.5628431851961	0.3360526680169
0.5638300120918	0.3363653490747
0.5648183199324	0.3366778429884
0.5658081134364	0.3369901495017
0.5667993973444	0.3373022683570
0.5677921764189	0.3376141992950
0.5687864554444	0.3379259420546
0.5697822392280	0.3382374963736
0.5707795325991	0.3385488619877
0.5717783404098	0.3388600386313
0.5727786675347	0.3391710260371
0.5737805188714	0.3394818239362
0.5747838993406	0.3397924320581
0.5757888138860	0.3401028501304
0.5767952674747	0.3404130778795
0.5778032650973	0.3407231150297
0.5788128117678	0.3410329613038
0.5798239125241	0.3413426164231
0.5808365724279	0.3416520801068
0.5818507965652	0.3419613520728
0.5828665900458	0.3422704320370
0.5838839580041	0.3425793197138
0.5849029055990	0.3428880148157
0.5859234380141	0.3431965170535
0.5869455604576	0.3435048261363
0.5879692781629	0.3438129417713
0.5889945963885	0.3441208636641
0.5900215204182	0.3444285915184
0.5910500555611	0.3447361250362
0.5920802071522	0.3450434639175
0.5931119805521	0.3453506078607
0.5941453811474	0.3456575565622
0.5951804143509	0.3459643097166
0.5962170856016	0.3462708670168
0.5972554003650	0.3465772281537
0.5982953641332	0.3468833928162
0.5993369824253	0.3471893606916
0.6003802607871	0.3474951314651
0.6014252047918	0.3478007048201
0.6024718200398	0.3481060804379
0.6035201121591	0.3484112579980
0.6045700868053	0.3487162371781
0.6056217496620	0.3490210176536
0.6066751064408	0.3493255990982
0.6077301628815	0.3496299811835
0.6087869247525	0.3499341635792
0.6098453978507	0.3502381459528
0.6109055880018	0.3505419279700
0.6119675010605	0.3508455092944
0.6130311429108	0.3511488895875
0.6140965194660	0.3514520685087
0.6151636366691	0.3517550457155
0.6162325004926	0.3520578208632
0.6173031169394	0.3523603936050
0.6183754920423	0.3526627635919
0.6194496318645	0.3529649304731
0.6205255424999	0.3532668938952
0.6216032300732	0.3535686535031
0.6226827007399	0.3538702089392
0.6237639606870	0.3541715598439
0.6248470161328	0.3544727058554
0.6259318733271	0.3547736466095
0.6270185385517	0.3550743817400
0.6281070181206	0.3553749108785
0.6291973183798	0.3556752336541
0.6302894457081	0.3559753496937
0.6313834065167	0.3562752586222
0.6324792072500	0.3565749600619
0.6335768543855	0.3568744536328
0.6346763544342	0.3571737389528
0.6357777139406	0.3574728156373
0.6368809394831	0.3577716832993
0.6379860376743	0.3580703415495
0.6390930151610	0.3583687899962
0.6402018786247	0.3586670282453
0.6413126347816	0.3589650559004
0.6424252903831	0.3592628725624
0.6435398522158	0.3595604778300
0.6446563271019	0.3598578712993
0.6457747218992	0.3601550525640
0.6468950435019	0.3604520212151
0.6480172988403	0.3607487768413
0.6491414948812	0.3610453190288
0.6502676386283	0.3613416473611
0.6513957371224	0.3616377614190
0.6525257974415	0.3619336607812
0.6536578267013	0.3622293450232
0.6547918320554	0.3625248137183
0.6559278206955	0.3628200664371
0.6570657998516	0.3631151027473
0.6582057767924	0.3634099222142
0.6593477588258	0.3637045244003
0.6604917532985	0.3639989088654
0.6616377675971	0.3642930751665
0.6627858091478	0.3645870228580
0.6639358854169	0.3648807514914
0.6650880039110	0.3651742606154
0.6662421721777	0.3654675497760
0.6673983978050	0.3657606185164
0.6685566884225	0.3660534663767
0.6697170517015	0.3663460928945
0.6708794953547	0.3666384976043
0.6720440271372	0.3669306800376
0.6732106548467	0.3672226397231
0.6743793863234	0.3675143761867
0.6755502294507	0.3678058889511
0.6767231921554	0.3680971775361
0.6778982824081	0.3683882414585
0.6790755082232	0.3686790802319
0.6802548776597	0.3689696933673
0.6814363988212	0.3692600803721
0.6826200798563	0.3695502407508
0.6838059289589	0.3698401740050
0.6849939543688	0.3701298796329
0.6861841643715	0.3704193571296
0.6873765672992	0.3707086059870
0.6885711715306	0.3709976256938
0.6897679854915	0.3712864157355
0.6909670176552	0.3715749755944
0.6921682765427	0.3718633047494
0.6933717707232	0.3721514026762
0.6945775088143	0.3724392688471
0.6957854994825	0.3727269027310
0.6969957514436	0.3730143037936
0.6982082734628	0.3733014714970
0.6994230743556	0.3735884053001
0.7006401629875	0.3738751046581
0.7018595482750	0.3741615690229
0.7030812391856	0.3744477978429
0.7043052447384	0.3747337905629
0.7055315740043	0.3750195466241
0.7067602361066	0.3753050654643
0.7079912402213	0.3755903465175
0.7092245955774	0.3758753892142
0.7104603114577	0.3761601929812
0.7116983971986	0.3764447572416
0.7129388621912	0.3767290814147
0.7141817158811	0.3770131649163
0.7154269677691	0.3772970071582
0.7166746274120	0.3775806075485
0.7179247044222	0.3778639654914
0.7191772084689	0.3781470803874
0.7204321492781	0.3784299516329
0.7216895366334	0.3787125786206
0.7229493803760	0.3789949607390
0.7242116904055	0.3792770973730
0.7254764766804	0.3795589879030
0.7267437492182	0.3798406317058
0.7280135180962	0.3801220281539
0.7292857934519	0.3804031766158
0.7305605854834	0.3806840764558
0.7318379044499	0.3809647270341
0.7331177606724	0.3812451277067
0.7344001645338	0.3815252778252
0.7356851264796	0.3818051767373
0.7369726570187	0.3820848237859
0.7382627667233	0.3823642183102
0.7395554662298	0.3826433596444
0.7408507662395	0.3829222471189
0.7421486775185	0.3832008800591
0.7434492108990	0.3834792577863
0.7447523772790	0.3837573796173
0.7460581876236	0.3840352448643
0.7473666529652	0.3843128528347
0.7486777844039	0.3845902028316
0.7499915931085	0.3848672941534
0.7513080903164	0.3851441260937
0.7526272873348	0.3854206979415
0.7539491955412	0.3856970089809
0.7552738263835	0.3859730584914
0.7566011913810	0.3862488457475
0.7579313021250	0.3865243700189
0.7592641702791	0.3867996305703
0.7605998075801	0.3870746266616
0.7619382258385	0.3873493575476
0.7632794369390	0.3876238224782
0.7646234528414	0.3878980206979
0.7659702855811	0.3881719514465
0.7673199472694	0.3884456139583
0.7686724500947	0.3887190074626
0.7700278063229	0.3889921311835
0.7713860282979	0.3892649843395
0.7727471284425	0.3895375661441
0.7741111192590	0.3898098758054
0.7754780133298	0.3900819125258
0.7768478233183	0.3903536755025
0.7782205619691	0.3906251639272
0.7795962421094	0.3908963769859
0.7809748766492	0.3911673138589
0.7823564785820	0.3914379737213
0.7837410609859	0.3917083557419
0.7851286370241	0.3919784590843
0.7865192199454	0.3922482829060
0.7879128230854	0.3925178263587
0.7893094598671	0.3927870885883
0.7907091438013	0.3930560687345
0.7921118884881	0.3933247659314
0.7935177076169	0.3935931793068
0.7949266149676	0.3938613079825
0.7963386244115	0.3941291510740
0.7977537499117	0.3943967076908
0.7991720055245	0.3946639769359
0.8005934053994	0.3949309579064
0.8020179637808	0.3951976496925
0.8034456950083	0.3954640513785
0.8048766135177	0.3957301620419
0.8063107338418	0.3959959807536
0.8077480706113	0.3962615065783
0.8091886385559	0.3965267385737
0.8106324525048	0.3967916757910
0.8120795273879	0.3970563172744
0.8135298782364	0.3973206620615
0.8149835201841	0.3975847091830
0.8164404684681	0.3978484576626
0.8179007384299	0.3981119065168
0.8193643455159	0.3983750547555
0.8208313052789	0.3986379013810
0.8223016333790	0.3989004453887
0.8237753455842	0.3991626857665
0.8252524577718	0.3994246214953
0.8267329859292	0.3996862515482
0.8282169461548	0.3999475748913
0.8297043546595	0.4002085904827
0.8311952277672	0.4004692972733
0.8326895819163	0.4007296942061
0.8341874336602	0.4009897802165
0.8356887996691	0.4012495542319
0.8371936967305	0.4015090151722
0.8387021417506	0.4017681619489
0.8402141517553	0.4020269934658
0.8417297438914	0.4022855086185
0.8432489354277	0.4025437062944
0.8447717437561	0.4028015853727
0.8462981863930	0.4030591447242
0.8478282809802	0.4033163832115
0.8493620452861	0.4035732996885
0.8508994972073	0.4038298930006
0.8524406547693	0.4040861619846
0.8539855361280	0.4043421054686
0.8555341595712	0.4045977222719
0.8570865435195	0.4048530112049
0.8586427065274	0.4051079710689
0.8602026672854	0.4053626006564
0.8617664446205	0.4056168987505
0.8633340574979	0.4058708641254
0.8649055250223	0.4061244955455
0.8664808664395	0.4063777917663
0.8680601011372	0.4066307515335
0.8696432486470	0.4068833735834
0.8712303286454	0.4071356566423
0.8728213609556	0.4073875994272
0.8744163655487	0.4076392006448
0.8760153625450	0.4078904589921
0.8776183722159	0.4081413731559
0.8792254149854	0.4083919418129
0.8808365114311	0.4086421636296
0.8824516822862	0.4088920372621
0.8840709484412	0.4091415613559
0.8856943309448	0.4093907345461
0.8873218510064	0.4096395554571
0.8889535299968	0.4098880227025
0.8905893894508	0.4101361348850
0.8922294510680	0.4103838905964
0.8938737367150	0.4106312884172
0.8955222684270	0.4108783269169
0.8971750684094	0.4111250046536
0.8988321590397	0.4113713201739
0.9004935628693	0.4116172720129
0.9021593026251	0.4118628586941
0.9038294012115	0.4121080787291
0.9055038817122	0.4123529306175
0.9071827673920	0.4125974128471
0.9088660816988	0.4128415238935
0.9105538482655	0.4130852622197
0.9122460909118	0.4133286262768
0.9139428336462	0.4135716145030
0.9156441006684	0.4138142253239
0.9173499163707	0.4140564571523
0.9190603053404	0.4142983083883
0.9207752923618	0.4145397774186
0.9224949024183	0.4147808626169
0.9242191606946	0.4150215623435
0.9259480925788	0.4152618749452
0.9276817236644	0.4155017987552
0.9294200797529	0.4157413320929
0.9311631868559	0.4159804732640
0.9329110711969	0.4162192205598
0.9346637592146	0.4164575722576
0.9364212775642	0.4166955266203
0.9381836531204	0.4169330818962
0.9399509129797	0.4171702363192
0.9417230844628	0.4174069881080
0.9435001951167	0.4176433354665
0.9452822727181	0.4178792765836
0.9470693452748	0.4181148096325
0.9488614410293	0.4183499327713
0.9506585884606	0.4185846441422
0.9524608162875	0.4188189418717
0.9542681534709	0.4190528240702
0.9560806292165	0.4192862888321
0.9578982729777	0.4195193342352
0.9597211144584	0.4197519583410
0.9615491836157	0.4199841591941
0.9633825106630	0.4202159348224
0.9652211260727	0.4204472832366
0.9670650605792	0.4206782024299
0.9689143451820	0.4209086903784
0.9707690111487	0.4211387450404
0.9726290900179	0.4213683643561
0.9744946136027	0.4215975462480
0.9763656139936	0.4218262886200
0.9782421235617	0.4220545893576
0.9801241749621	0.4222824463278
0.9820118011374	0.4225098573784
0.9839050353204	0.4227368203381
0.9858039110383	0.4229633330166
0.9877084621158	0.4231893932035
0.9896187226784	0.4234149986689
0.9915347271564	0.4236401471629
0.9934565102883	0.4238648364152
0.9953841071243	0.4240890641350
0.9973175530305	0.4243128280109
0.9992568836923	0.4245361257104
1.0012021351181	0.4247589548797
1.0031533436438	0.4249813131437
1.0051105459361	0.4252031981053
1.0070737789971	0.4254246073456
1.0090430801678	0.4256455384234
1.0110184871326	0.4258659888750
1.0130000379237	0.4260859562137
1.0149877709246	0.4263054379300
1.0169817248753	0.4265244314909
1.0189819388763	0.4267429343397
1.0209884523930	0.4269609438959
1.0230013052602	0.4271784575548
1.0250205376871	0.4273954726870
1.0270461902615	0.4276119866385
1.0290783039549	0.4278279967301
1.0311169201272	0.4280435002570
1.0331620805313	0.4282584944890
1.0352138273188	0.4284729766696
1.0372722030443	0.4286869440159
1.0393372506711	0.4289003937184
1.0414090135759	0.4291133229405
1.0434875355547	0.4293257288181
1.0455728608276	0.4295376084595
1.0476650340447	0.4297489589449
1.0497641002915	0.4299597773261
1.0518701050945	0.4301700606258
1.0539830944271	0.4303798058378
1.0561031147153	0.4305890099263
1.0582302128437	0.4307976698256
1.0603644361614	0.4310057824395
1.0625058324884	0.4312133446413
1.0646544501216	0.4314203532731
1.0668103378413	0.4316268051454
1.0689735449173	0.4318326970370
1.0711441211159	0.4320380256940
1.0733221167063	0.4322427878301
1.0755075824675	0.4324469801256
1.0777005696949	0.4326505992272
1.0799011302077	0.4328536417475
1.0821093163557	0.4330561042645
1.0843251810266	0.4332579833212
1.0865487776536	0.4334592754253
1.0887801602225	0.4336599770483
1.0910193832796	0.4338600846255
1.0932665019394	0.4340595945549
1.0955215718923	0.4342585031975
1.0977846494129	0.4344568068760
1.1000557913679	0.4346545018748
1.1023350552246	0.4348515844393
1.1046224990592	0.4350480507753
1.1069181815655	0.4352438970485
1.1092221620635	0.4354391193841
1.1115345005084	0.4356337138660
1.1138552574997	0.4358276765362
1.1161844942903	0.4360210033945
1.1185222727962	0.4362136903977
1.1208686556053	0.4364057334589
1.1232237059881	0.4365971284472
1.1255874879070	0.4367878711868
1.1279600660262	0.4369779574563
1.1303415057227	0.4371673829883
1.1327318730961	0.4373561434688
1.1351312349794	0.4375442345359
1.1375396589501	0.4377316517800
1.1399572133409	0.4379183907425
1.1423839672510	0.4381044469152
1.1448199905579	0.4382898157395
1.1472653539286	0.4384744926061
1.1497201288317	0.4386584728537
1.1521843875495	0.4388417517684
1.1546582031905	0.4390243245833
1.1571416497015	0.4392061864769
1.1596348018811	0.4393873325732
1.1621377353921	0.4395677579402
1.1646505267751	0.4397474575894
1.1671732534622	0.4399264264749
1.1697059937906	0.4401046594923
1.1722488270167	0.4402821514780
1.1748018333306	0.4404588972085
1.1773650938707	0.4406348913989
1.1799386907387	0.4408101287027
1.1825227070145	0.4409846037100
1.1851172267722	0.4411583109474
1.1877223350957	0.4413312448763
1.1903381180948	0.4415033998921
1.1929646629219	0.4416747703234
1.1956020577886	0.4418453504307
1.1982503919829	0.4420151344051
1.2009097558867	0.4421841163679
1.2035802409938	0.4423522903688
1.2062619399279	0.4425196503848
1.2089549464612	0.4426861903197
1.2116593555338	0.4428519040020
1.2143752632722	0.4430167851843
1.2171027670102	0.4431808275419
1.2198419653080	0.4433440246714
1.2225929579734	0.4435063700896
1.2253558460830	0.4436678572321
1.2281307320029	0.4438284794517
1.2309177194116	0.4439882300176
1.2337169133216	0.4441471021135
1.2365284201027	0.4443050888363
1.2393523475055	0.4444621831946
1.2421888046848	0.4446183781076
1.2450379022242	0.4447736664028
1.2478997521614	0.4449280408151
1.2507744680130	0.4450814939850
1.2536621648009	0.4452340184568
1.2565629590791	0.4453856066774
1.2594769689605	0.4455362509939
1.2624043141446	0.4456859436526
1.2653451159466	0.4458346767966
1.2682994973254	0.4459824424645
1.2712675829145	0.4461292325881
1.2742494990512	0.4462750389909
1.2772453738086	0.4464198533859
1.2802553370267	0.4465636673738
1.2832795203454	0.4467064724407
1.2863180572373	0.4468482599563
1.2893710830420	0.4469890211717
1.2924387350009	0.4471287472172
1.2955211522926	0.4472674291001
1.2986184760696	0.4474050577025
1.3017308494955	0.4475416237789
1.3048584177831	0.4476771179537
1.3080013282336	0.4478115307191
1.3111597302767	0.4479448524324
1.3143337755114	0.4480770733133
1.3175236177480	0.4482081834418
1.3207294130515	0.4483381727550
1.3239513197850	0.4484670310446
1.3271894986554	0.4485947479541
1.3304441127590	0.4487213129759
1.3337153276298	0.4488467154486
1.3370033112870	0.4489709445534
1.3403082342856	0.4490939893118
1.3436302697668	0.4492158385818
1.3469695935107	0.4493364810550
1.3503263839898	0.4494559052533
1.3537008224237	0.4495740995252
1.3570930928361	0.4496910520428
1.3605033821121	0.4498067507977
1.3639318800575	0.4499211835978
1.3673787794600	0.4500343380632
1.3708442761517	0.4501462016227
1.3743285690728	0.4502567615096
1.3778318603375	0.4503660047575
1.3813543553019	0.4504739181966
1.3848962626328	0.4505804884491
1.3884577943792	0.4506857019250
1.3920391660454	0.4507895448174
1.3956405966660	0.4508920030980
1.3992623088829	0.4509930625124
1.4029045290248	0.4510927085754
1.4065674871885	0.4511909265656
1.4102514173224	0.4512877015206
1.4139565573127	0.4513830182315
1.4176831490719	0.4514768612378
1.4214314386292	0.4515692148216
1.4252016762246	0.4516600630018
1.4289941164045	0.4517493895285
1.4328090181207	0.4518371778767
1.4366466448322	0.4519234112404
1.4405072646100	0.4520080725258
1.4443911502442	0.4520911443450
1.4482985793555	0.4521726090093
1.4522298345090	0.4522524485221
1.4561852033315	0.4523306445716
1.4601649786328	0.4524071785237
1.4641694585303	0.4524820314145
1.4681989465770	0.4525551839420
1.4722537518942	0.4526266164588
1.4763341893072	0.4526963089629
1.4804405794865	0.4527642410900
1.4845732490920	0.4528303921044
1.4887325309224	0.4528947408897
1.4929187640693	0.4529572659399
1.4971322940759	0.4530179453495
1.5013734731009	0.4530767568037
1.5056426600871	0.4531336775680
1.5099402209367	0.4531886844780
1.5142665286903	0.4532417539282
1.5186219637137	0.4532928618607
1.5230069138894	0.4533419837540
1.5274217748148	0.4533890946108
1.5318669500073	0.4534341689455
1.5363428511160	0.4534771807718
1.5408498981400	0.4535181035892
1.5453885196551	0.4535569103696
1.5499591530471	0.4535935735431
1.5545622447538	0.4536280649837
1.5591982505153	0.4536603559938
1.5638676356323	0.4536904172893
1.5685708752344	0.4537182189830
1.5733084545569	0.4537437305683
1.5780808692283	0.4537669209016
1.5828886255670	0.4537877581853
1.5877322408896	0.4538062099484
1.5926122438298	0.4538222430281
1.5975291746689	0.4538358235498
1.6024835856789	0.4538469169066
1.6074760414776	0.4538554877382
1.6125071193972	0.4538614999090
1.6175774098673	0.4538649164849
1.6226875168108	0.4538656997101
1.6278380580569	0.4538638109826
1.6330296657680	0.4538592108282
1.6382629868844	0.4538518588750
1.6435386835859	0.4538417138250
1.6488574337711	0.4538287334265
1.6542199315561	0.4538128744441
1.6596268877930	0.4537940926279
1.6650790306091	0.4537723426821
1.6705771059678	0.4537475782312
1.6761218782525	0.4537197517858
1.6817141308748	0.4536888147067
1.6873546669070	0.4536547171675
1.6930443097422	0.4536174081159
1.6987839037813	0.4535768352326
1.7045743151493	0.4535329448899
1.7104164324431	0.4534856821073
1.7163111675100	0.4534349905058
1.7222594562622	0.4533808122601
1.7282622595249	0.4533230880488
1.7343205639237	0.4532617570025
1.7404353828107	0.4531967566495
1.7466077572329	0.4531280228589
1.7528387569444	0.4530554897818
1.7591294814649	0.4529790897894
1.7654810611879	0.4528987534080
1.7718946585398	0.4528144092517
1.7783714691949	0.4527259839517
1.7849127233467	0.4526334020821
1.7915196870421	0.4525365860822
1.7981936635788	0.4524354561758
1.8049359949724	0.4523299302858
1.8117480634953	0.4522199239446
1.8186312932929	0.4521053502014
1.8255871520813	0.4519861195229
1.8326171529314	0.4518621396910
1.8397228561449	0.4517333156943
1.8469058712286	0.4515995496137
1.8541678589708	0.4514607405035
1.8615105336298	0.4513167842649
1.8689356652389	0.4511675735137
1.8764450820359	0.4510129974406
1.8840406730273	0.4508529416645
1.8917243906930	0.4506872880767
1.8994982538434	0.4505159146780
1.9073643506384	0.4503386954062
1.9153248417784	0.4501554999530
1.9233819638815	0.4499661935722
1.9315380330574	0.4497706368757
1.9397954486939	0.4495686856180
1.9481566974697	0.4493601904682
1.9566243576120	0.4491449967683
1.9652011034140	0.4489229442767
1.9738897100347	0.4486938668972
1.9826930585993	0.4484575923896
1.9916141416260	0.4482139420639
2.0006560688018	0.4479627304543
2.0098220731363	0.4477037649723
2.0191155175228	0.4474368455381
2.0285399017390	0.4471617641871
2.0380988699239	0.4468783046501
2.0477962185692	0.4465862419066
2.0576359050690	0.4462853417057
2.0676220568741	0.4459753600553
2.0777589813034	0.4456560426747
2.0880511760700	0.4453271244088
2.0985033405835	0.4449883285995
2.1091203881004	0.4446393664115
2.1199074587967	0.4442799361074
2.1308699338511	0.4439097222692
2.1420134506305	0.4435283949590
2.1533439190845	0.4431356088151
2.1648675394655	0.4427310020767
2.1765908215027	0.4423141955303
2.1885206051784	0.4418847913699
2.2006640832658	0.4414423719633
2.2130288258115	0.4409864985141
2.2256228067671	0.4405167096086
2.2384544329973	0.4400325196376
2.2515325759243	0.4395334170759
2.2648666060997	0.4390188626087
2.2784664310317	0.4384882870842
2.2923425366425	0.4379410892751
2.3065060327796	0.4373766334267
2.3209687032628	0.4367942465658
2.3357430610185	0.4361932155434
2.3508424089311	0.4355727837784
2.3662809071334	0.4349321476643
2.3820736475687	0.4342704525982
2.3982367367799	0.4335867885821
2.4147873880367	0.4328801853405
2.4317440240841	0.4321496068896
2.4491263920085	0.4313939454818
2.4669556919679	0.4306120148385
2.4852547218298	0.4298025425676
2.5040480401227	0.4289641616466
2.5233621501365	0.4280954008284
2.5432257085319	0.4271946738038
2.5636697624565	0.4262602669221
2.5847280199386	0.4252903252348
2.6064371592879	0.4242828365798
2.6288371844061	0.4232356133681
2.6519718343708	0.4221462716657
2.6758890574814	0.4210122070730
2.7006415622379	0.4198305668011
2.7262874606203	0.4185982172011
2.7528910227110	0.4173117058349
2.7805235664185	0.4159672169522
2.8092645121494	0.4145605189552
2.8392026402025	0.4130869020651
2.8704375990720	0.4115411039266
2.9030817266508	0.4099172202497
2.9372622648070	0.4082085967520
2.9731240728179	0.4064076975295
3.0108329793828	0.4045059434485
3.0505799603805	0.4024935120340
3.0925863961706	0.4003590873848
3.1371107571802	0.3980895444795
3.1844572039387	0.3956695462633
3.2349867900757	0.3930810231940
3.2891322604182	0.3903024919907
3.3474179014189	0.3873081507323
3.4104866301304	0.3840666571261
3.4791376799989	0.3805394486563
3.5543801807247	0.3766783849282
3.6375112418172	0.3724223608396
3.7302330181360	0.3676923102878
3.8348340764141	0.3623836063360
3.9544813963950	0.3563540815764
4.0937124402411	0.3494043351305
4.2593112295814	0.3412436982790
4.4619769590680	0.3314277427899
4.7197828241535	0.3192346734869
5.0661724585666	0.3033970503316
5.5661724585666	0.2816652955392
6.0661724585666	0.2612565521747
6.5661724585666	0.2421233252732
7.0661724585666	0.2241968441809
7.5661724585666	0.2074004154768
8.0661724585666	0.1916559149143
8.5661724585666	0.1768868818625
9.0661724585666	0.1630199169607
9.5661724585666	0.1499852290843
10.0661724585666	0.1377167569430
10.5661724585666	0.1261520807795
11.0661724585666	0.1152322338561
11.5661724585666	0.1049014696128
12.0661724585666	0.0951070128214
12.5661724585666	0.0857988088626
13.0661724585666	0.0769292779152
13.5661724585666	0.0684530770419
14.0661724585666	0.0603268711948
14.5661724585666	0.0525091131513
15.0661724585666	0.0449598318831
15.5661724585666	0.0376404286084
16.0661724585666	0.0305134796607
16.5661724585666	0.0235425452603
17.0661724585666	0.0166919832600
17.5661724585666	0.0099267669406
18.0661724585666	0.0032123059360
18.5661724585666	-0.0034857306169
